	0	0	1431714976	21845
	0	0	0	0
	1431710272	21845	0	0
	1431708032	21845	1431705344	21845
	1431702432	21845	0	0
	0	0	0	0
	1431699744	21845	0	0
	0	0	0	0
	1431696160	21845	0	0
	1431694368	21845	1431690560	21845
	1431686080	21845	0	0
	0	0	0	0
	0	0	0	0
	0	0	0	0
	0	69	1431688320	21845
	0	0	0	0
	0	0	1431686304	21845
	0	0	0	0
	0	0	0	0
	0	0	0	0
	0	0	0	0
	0	0	0	0
	0	0	0	0
	0	0	0	0
	0	0	0	0
	0	0	0	0
	0	0	0	0
	0	0	0	0
	0	70	0	0
	0	0	0	0
	0	0	0	0
	0	0	0	0
	0	0	0	0
	0	0	0	0
	0	0	1431686528	21845
	0	0	0	0
	0	0	0	0
	0	0	0	0
	0	0	0	0
	0	0	0	0
	0	0	0	0
	0	0	0	0
	0	71	0	0
	0	0	0	0
	0	0	0	0
	0	0	0	0
	0	0	0	0
	0	0	0	0
	0	0	0	0
	0	0	0	0
	1431686752	21845	0	0
	0	0	0	0
	0	0	0	0
	0	0	0	0
	0	0	0	0
	0	0	0	0
	0	72	0	0
	0	0	0	0
	0	0	1431687872	21845
	0	0	0	0
	0	0	0	0
	0	0	0	0
	0	0	0	0
	0	0	1431686976	21845
	0	0	0	0
	0	0	0	0
	0	0	0	0
	0	0	0	0
	0	0	0	0
	0	0	0	0
	0	73	0	0
	0	0	0	0
	0	0	0	0
	0	0	0	0
	0	0	0	0
	0	0	0	0
	0	0	0	0
	0	0	0	0
	0	0	0	0
	1431687200	21845	0	0
	0	0	0	0
	0	0	0	0
	0	0	0	0
	0	0	0	0
	0	74	1431687424	21845
	0	0	0	0
	0	0	0	0
	0	0	0	0
	0	0	0	0
	0	0	0	0
	0	0	0	0
	0	0	0	0
	0	0	0	0
	0	0	0	0
	0	0	0	0
	0	0	0	0
	0	0	0	0
	0	0	0	0
	0	75	0	0
	0	0	0	0
	0	0	0	0
	0	0	0	0
	0	0	0	0
	0	0	0	0
	0	0	0	0
	0	0	0	0
	0	0	0	0
	1431687648	21845	0	0
	0	0	0	0
	0	0	0	0
	0	0	0	0
	0	0	0	0
	0	76	0	0
	0	0	0	0
	0	0	0	0
	0	0	0	0
	0	0	0	0
	0	0	0	0
	0	0	0	0
	0	0	0	0
	0	0	0	0
	0	0	0	0
	0	0	0	0
	0	0	0	0
	0	0	1431679296	21845
	0	0	0	0
	0	124	0	0
	0	0	0	0
	0	0	0	0
	0	0	0	0
	0	0	0	0
	0	0	0	0
	0	0	0	0
	0	0	0	0
	0	0	0	0
	0	0	1431688096	21845
	0	0	0	0
	0	0	0	0
	0	0	0	0
	0	0	0	0
	0	125	0	0
	0	0	0	0
	0	0	0	0
	0	0	0	0
	0	0	0	0
	0	0	0	0
	0	0	0	0
	0	0	0	0
	0	0	0	0
	0	0	0	0
	1431679520	21845	0	0
	0	0	0	0
	0	0	0	0
	0	0	0	0
	0	95	0	0
	0	0	0	0
	0	0	0	0
	0	0	0	0
	0	0	1431689440	21845
	0	0	0	0
	0	0	0	0
	0	0	0	0
	0	0	0	0
	1431688544	21845	0	0
	0	0	0	0
	0	0	0	0
	0	0	0	0
	0	0	0	0
	0	180	0	0
	1431688768	21845	0	0
	0	0	0	0
	0	0	0	0
	0	0	0	0
	0	0	0	0
	0	0	0	0
	0	0	0	0
	0	0	0	0
	0	0	0	0
	0	0	0	0
	0	0	0	0
	0	0	0	0
	0	0	0	0
	0	181	1431688992	21845
	0	0	0	0
	0	0	0	0
	0	0	0	0
	0	0	0	0
	0	0	0	0
	0	0	0	0
	0	0	0	0
	0	0	0	0
	0	0	0	0
	0	0	0	0
	0	0	0	0
	0	0	0	0
	0	0	0	0
	0	182	0	0
	0	0	0	0
	0	0	0	0
	0	0	0	0
	0	0	0	0
	0	0	0	0
	1431689216	21845	0	0
	0	0	0	0
	0	0	0	0
	0	0	0	0
	0	0	0	0
	0	0	0	0
	0	0	0	0
	0	0	0	0
	0	183	0	0
	0	0	0	0
	0	0	0	0
	0	0	0	0
	0	0	0	0
	0	0	0	0
	1431679744	21845	0	0
	0	0	0	0
	0	0	0	0
	0	0	0	0
	0	0	0	0
	0	0	0	0
	0	0	0	0
	0	0	0	0
	0	96	0	0
	0	0	0	0
	0	0	0	0
	0	0	0	0
	0	0	0	0
	0	0	0	0
	0	0	0	0
	0	0	0	0
	0	0	0	0
	1431689664	21845	0	0
	0	0	0	0
	0	0	0	0
	0	0	0	0
	0	0	0	0
	0	97	0	0
	0	0	0	0
	0	0	0	0
	0	0	0	0
	0	0	1431689888	21845
	0	0	0	0
	0	0	0	0
	0	0	0	0
	0	0	0	0
	0	0	0	0
	0	0	0	0
	0	0	0	0
	0	0	0	0
	0	0	0	0
	0	98	0	0
	0	0	0	0
	0	0	0	0
	0	0	0	0
	0	0	0	0
	0	0	0	0
	0	0	0	0
	0	0	0	0
	0	0	0	0
	0	0	0	0
	1431690112	21845	0	0
	0	0	0	0
	0	0	0	0
	0	0	0	0
	0	99	0	0
	0	0	0	0
	0	0	0	0
	0	0	0	0
	0	0	0	0
	0	0	0	0
	0	0	0	0
	0	0	0	0
	0	0	0	0
	0	0	1431690336	21845
	0	0	0	0
	0	0	0	0
	0	0	0	0
	0	0	0	0
	0	100	0	0
	0	0	0	0
	0	0	0	0
	0	0	0	0
	0	0	0	0
	0	0	0	0
	0	0	0	0
	0	0	0	0
	0	0	0	0
	0	0	0	0
	0	0	1431679968	21845
	0	0	0	0
	0	0	0	0
	0	0	0	0
	0	9	0	0
	0	0	0	0
	0	0	0	0
	0	0	0	0
	1431692128	21845	0	0
	0	0	0	0
	0	0	0	0
	0	0	1431690784	21845
	0	0	0	0
	0	0	0	0
	0	0	0	0
	0	0	0	0
	0	0	0	0
	0	0	0	0
	0	62	0	0
	0	0	0	0
	0	0	0	0
	0	0	0	0
	0	0	0	0
	0	0	0	0
	1431691008	21845	0	0
	0	0	0	0
	0	0	0	0
	0	0	0	0
	0	0	0	0
	0	0	0	0
	0	0	0	0
	0	0	0	0
	0	63	0	0
	0	0	0	0
	0	0	0	0
	0	0	0	0
	0	0	1431691232	21845
	0	0	0	0
	0	0	0	0
	0	0	0	0
	0	0	0	0
	0	0	0	0
	0	0	0	0
	0	0	0	0
	0	0	0	0
	0	0	0	0
	0	64	0	0
	0	0	0	0
	0	0	0	0
	0	0	0	0
	0	0	0	0
	0	0	0	0
	0	0	0	0
	0	0	0	0
	0	0	0	0
	0	0	0	0
	1431691456	21845	0	0
	0	0	0	0
	0	0	0	0
	0	0	0	0
	0	65	1431691680	21845
	0	0	0	0
	0	0	0	0
	0	0	0	0
	0	0	0	0
	0	0	0	0
	0	0	0	0
	0	0	0	0
	0	0	0	0
	0	0	0	0
	0	0	0	0
	0	0	0	0
	0	0	0	0
	0	0	0	0
	0	66	0	0
	0	0	0	0
	0	0	0	0
	0	0	0	0
	0	0	0	0
	0	0	0	0
	0	0	0	0
	0	0	0	0
	0	0	0	0
	1431691904	21845	0	0
	0	0	0	0
	0	0	0	0
	0	0	0	0
	0	0	0	0
	0	67	0	0
	0	0	0	0
	0	0	0	0
	0	0	0	0
	0	0	0	0
	0	0	0	0
	0	0	0	0
	0	0	0	0
	0	0	0	0
	0	0	0	0
	0	0	0	0
	0	0	0	0
	0	0	1431680192	21845
	0	0	0	0
	0	10	0	0
	0	0	0	0
	0	0	1431692352	21845
	0	0	0	0
	0	0	0	0
	0	0	0	0
	0	0	0	0
	0	0	0	0
	0	0	0	0
	0	0	0	0
	0	0	0	0
	0	0	0	0
	0	0	0	0
	0	0	0	0
	0	11	0	0
	0	0	0	0
	0	0	0	0
	0	0	0	0
	0	0	0	0
	0	0	0	0
	1431693696	21845	0	0
	0	0	0	0
	0	0	0	0
	1431692576	21845	0	0
	0	0	0	0
	0	0	0	0
	0	0	0	0
	0	0	0	0
	0	164	0	0
	0	0	0	0
	0	0	0	0
	0	0	0	0
	0	0	1431692800	21845
	0	0	0	0
	0	0	0	0
	0	0	0	0
	0	0	0	0
	0	0	0	0
	0	0	0	0
	0	0	0	0
	0	0	0	0
	0	0	0	0
	0	165	0	0
	0	0	0	0
	0	0	0	0
	0	0	0	0
	0	0	0	0
	0	0	0	0
	0	0	0	0
	0	0	0	0
	0	0	0	0
	1431693024	21845	0	0
	0	0	0	0
	0	0	0	0
	0	0	0	0
	0	0	0	0
	0	166	0	0
	0	0	0	0
	0	0	0	0
	0	0	0	0
	0	0	0	0
	0	0	0	0
	0	0	0	0
	0	0	0	0
	0	0	0	0
	0	0	0	0
	0	0	1431693248	21845
	0	0	0	0
	0	0	0	0
	0	0	0	0
	0	167	0	0
	0	0	0	0
	0	0	0	0
	0	0	0	0
	0	0	0	0
	0	0	0	0
	0	0	0	0
	0	0	0	0
	0	0	0	0
	0	0	0	0
	1431693472	21845	0	0
	0	0	0	0
	0	0	0	0
	0	0	0	0
	0	168	0	0
	0	0	0	0
	0	0	0	0
	0	0	0	0
	1431680416	21845	0	0
	0	0	0	0
	0	0	0	0
	0	0	0	0
	0	0	0	0
	0	0	0	0
	0	0	0	0
	0	0	0	0
	0	0	0	0
	0	0	0	0
	0	12	0	0
	0	0	0	0
	0	0	0	0
	0	0	0	0
	0	0	0	0
	0	0	0	0
	0	0	0	0
	0	0	0	0
	0	0	0	0
	0	0	0	0
	1431693920	21845	0	0
	0	0	0	0
	0	0	0	0
	0	0	0	0
	0	13	0	0
	0	0	0	0
	0	0	1431694144	21845
	0	0	0	0
	0	0	0	0
	0	0	0	0
	0	0	0	0
	0	0	0	0
0x55555555cae0 <t0>:	0	0	1431714976	21845
0x55555555caf0 <t0+16>:	0	0	0	0
0x55555555cb00 <t0+32>:	1431710272	21845	0	0
0x55555555cb10 <t0+48>:	1431708032	21845	1431705344	21845
0x55555555cb20 <t0+64>:	1431702432	21845	0	0
0x55555555cb30 <t0+80>:	0	0	0	0
0x55555555cb40 <t0+96>:	1431699744	21845	0	0
0x55555555cb50 <t0+112>:	0	0	0	0
0x55555555cb60 <t0+128>:	1431696160	21845	0	0
0x55555555cb70 <t0+144>:	1431694368	21845	1431690560	21845
0x55555555cb80 <t0+160>:	1431686080	21845	0	0
0x55555555cb90 <t0+176>:	0	0	0	0
0x55555555cba0 <t0+192>:	0	0	0	0
0x55555555cbb0 <t0+208>:	0	0	0	0
0x55555555cbc0 <t69>:	0	69	1431688320	21845
0x55555555cbd0 <t69+16>:	0	0	0	0
0x55555555cbe0 <t69+32>:	0	0	1431686304	21845
0x55555555cbf0 <t69+48>:	0	0	0	0
0x55555555cc00 <t69+64>:	0	0	0	0
0x55555555cc10 <t69+80>:	0	0	0	0
0x55555555cc20 <t69+96>:	0	0	0	0
0x55555555cc30 <t69+112>:	0	0	0	0
0x55555555cc40 <t69+128>:	0	0	0	0
0x55555555cc50 <t69+144>:	0	0	0	0
0x55555555cc60 <t69+160>:	0	0	0	0
0x55555555cc70 <t69+176>:	0	0	0	0
0x55555555cc80 <t69+192>:	0	0	0	0
0x55555555cc90 <t69+208>:	0	0	0	0
0x55555555cca0 <t70>:	0	70	0	0
0x55555555ccb0 <t70+16>:	0	0	0	0
0x55555555ccc0 <t70+32>:	0	0	0	0
0x55555555ccd0 <t70+48>:	0	0	0	0
0x55555555cce0 <t70+64>:	0	0	0	0
0x55555555ccf0 <t70+80>:	0	0	0	0
0x55555555cd00 <t70+96>:	0	0	1431686528	21845
0x55555555cd10 <t70+112>:	0	0	0	0
0x55555555cd20 <t70+128>:	0	0	0	0
0x55555555cd30 <t70+144>:	0	0	0	0
0x55555555cd40 <t70+160>:	0	0	0	0
0x55555555cd50 <t70+176>:	0	0	0	0
0x55555555cd60 <t70+192>:	0	0	0	0
0x55555555cd70 <t70+208>:	0	0	0	0
0x55555555cd80 <t71>:	0	71	0	0
0x55555555cd90 <t71+16>:	0	0	0	0
0x55555555cda0 <t71+32>:	0	0	0	0
0x55555555cdb0 <t71+48>:	0	0	0	0
0x55555555cdc0 <t71+64>:	0	0	0	0
0x55555555cdd0 <t71+80>:	0	0	0	0
0x55555555cde0 <t71+96>:	0	0	0	0
0x55555555cdf0 <t71+112>:	0	0	0	0
0x55555555ce00 <t71+128>:	1431686752	21845	0	0
0x55555555ce10 <t71+144>:	0	0	0	0
0x55555555ce20 <t71+160>:	0	0	0	0
0x55555555ce30 <t71+176>:	0	0	0	0
0x55555555ce40 <t71+192>:	0	0	0	0
0x55555555ce50 <t71+208>:	0	0	0	0
0x55555555ce60 <t72>:	0	72	0	0
0x55555555ce70 <t72+16>:	0	0	0	0
0x55555555ce80 <t72+32>:	0	0	1431687872	21845
0x55555555ce90 <t72+48>:	0	0	0	0
0x55555555cea0 <t72+64>:	0	0	0	0
0x55555555ceb0 <t72+80>:	0	0	0	0
0x55555555cec0 <t72+96>:	0	0	0	0
0x55555555ced0 <t72+112>:	0	0	1431686976	21845
0x55555555cee0 <t72+128>:	0	0	0	0
0x55555555cef0 <t72+144>:	0	0	0	0
0x55555555cf00 <t72+160>:	0	0	0	0
0x55555555cf10 <t72+176>:	0	0	0	0
0x55555555cf20 <t72+192>:	0	0	0	0
0x55555555cf30 <t72+208>:	0	0	0	0
0x55555555cf40 <t73>:	0	73	0	0
0x55555555cf50 <t73+16>:	0	0	0	0
0x55555555cf60 <t73+32>:	0	0	0	0
0x55555555cf70 <t73+48>:	0	0	0	0
0x55555555cf80 <t73+64>:	0	0	0	0
0x55555555cf90 <t73+80>:	0	0	0	0
0x55555555cfa0 <t73+96>:	0	0	0	0
0x55555555cfb0 <t73+112>:	0	0	0	0
0x55555555cfc0 <t73+128>:	0	0	0	0
0x55555555cfd0 <t73+144>:	1431687200	21845	0	0
0x55555555cfe0 <t73+160>:	0	0	0	0
0x55555555cff0 <t73+176>:	0	0	0	0
0x55555555d000 <t73+192>:	0	0	0	0
0x55555555d010 <t73+208>:	0	0	0	0
0x55555555d020 <t74>:	0	74	1431687424	21845
0x55555555d030 <t74+16>:	0	0	0	0
0x55555555d040 <t74+32>:	0	0	0	0
0x55555555d050 <t74+48>:	0	0	0	0
0x55555555d060 <t74+64>:	0	0	0	0
0x55555555d070 <t74+80>:	0	0	0	0
0x55555555d080 <t74+96>:	0	0	0	0
0x55555555d090 <t74+112>:	0	0	0	0
0x55555555d0a0 <t74+128>:	0	0	0	0
0x55555555d0b0 <t74+144>:	0	0	0	0
0x55555555d0c0 <t74+160>:	0	0	0	0
0x55555555d0d0 <t74+176>:	0	0	0	0
0x55555555d0e0 <t74+192>:	0	0	0	0
0x55555555d0f0 <t74+208>:	0	0	0	0
0x55555555d100 <t75>:	0	75	0	0
0x55555555d110 <t75+16>:	0	0	0	0
0x55555555d120 <t75+32>:	0	0	0	0
0x55555555d130 <t75+48>:	0	0	0	0
0x55555555d140 <t75+64>:	0	0	0	0
0x55555555d150 <t75+80>:	0	0	0	0
0x55555555d160 <t75+96>:	0	0	0	0
0x55555555d170 <t75+112>:	0	0	0	0
0x55555555d180 <t75+128>:	0	0	0	0
0x55555555d190 <t75+144>:	1431687648	21845	0	0
0x55555555d1a0 <t75+160>:	0	0	0	0
0x55555555d1b0 <t75+176>:	0	0	0	0
0x55555555d1c0 <t75+192>:	0	0	0	0
0x55555555d1d0 <t75+208>:	0	0	0	0
0x55555555d1e0 <t76>:	0	76	0	0
0x55555555d1f0 <t76+16>:	0	0	0	0
0x55555555d200 <t76+32>:	0	0	0	0
0x55555555d210 <t76+48>:	0	0	0	0
0x55555555d220 <t76+64>:	0	0	0	0
0x55555555d230 <t76+80>:	0	0	0	0
0x55555555d240 <t76+96>:	0	0	0	0
0x55555555d250 <t76+112>:	0	0	0	0
0x55555555d260 <t76+128>:	0	0	0	0
0x55555555d270 <t76+144>:	0	0	0	0
0x55555555d280 <t76+160>:	0	0	0	0
0x55555555d290 <t76+176>:	0	0	0	0
0x55555555d2a0 <t76+192>:	0	0	1431679296	21845
0x55555555d2b0 <t76+208>:	0	0	0	0
0x55555555d2c0 <t124>:	0	124	0	0
0x55555555d2d0 <t124+16>:	0	0	0	0
0x55555555d2e0 <t124+32>:	0	0	0	0
0x55555555d2f0 <t124+48>:	0	0	0	0
0x55555555d300 <t124+64>:	0	0	0	0
0x55555555d310 <t124+80>:	0	0	0	0
0x55555555d320 <t124+96>:	0	0	0	0
0x55555555d330 <t124+112>:	0	0	0	0
0x55555555d340 <t124+128>:	0	0	0	0
0x55555555d350 <t124+144>:	0	0	1431688096	21845
0x55555555d360 <t124+160>:	0	0	0	0
0x55555555d370 <t124+176>:	0	0	0	0
0x55555555d380 <t124+192>:	0	0	0	0
0x55555555d390 <t124+208>:	0	0	0	0
0x55555555d3a0 <t125>:	0	125	0	0
0x55555555d3b0 <t125+16>:	0	0	0	0
0x55555555d3c0 <t125+32>:	0	0	0	0
0x55555555d3d0 <t125+48>:	0	0	0	0
0x55555555d3e0 <t125+64>:	0	0	0	0
0x55555555d3f0 <t125+80>:	0	0	0	0
0x55555555d400 <t125+96>:	0	0	0	0
0x55555555d410 <t125+112>:	0	0	0	0
0x55555555d420 <t125+128>:	0	0	0	0
0x55555555d430 <t125+144>:	0	0	0	0
0x55555555d440 <t125+160>:	1431679520	21845	0	0
0x55555555d450 <t125+176>:	0	0	0	0
0x55555555d460 <t125+192>:	0	0	0	0
0x55555555d470 <t125+208>:	0	0	0	0
0x55555555d480 <t95>:	0	95	0	0
0x55555555d490 <t95+16>:	0	0	0	0
0x55555555d4a0 <t95+32>:	0	0	0	0
0x55555555d4b0 <t95+48>:	0	0	0	0
0x55555555d4c0 <t95+64>:	0	0	1431689440	21845
0x55555555d4d0 <t95+80>:	0	0	0	0
0x55555555d4e0 <t95+96>:	0	0	0	0
0x55555555d4f0 <t95+112>:	0	0	0	0
0x55555555d500 <t95+128>:	0	0	0	0
0x55555555d510 <t95+144>:	1431688544	21845	0	0
0x55555555d520 <t95+160>:	0	0	0	0
0x55555555d530 <t95+176>:	0	0	0	0
0x55555555d540 <t95+192>:	0	0	0	0
0x55555555d550 <t95+208>:	0	0	0	0
0x55555555d560 <t180>:	0	180	0	0
0x55555555d570 <t180+16>:	1431688768	21845	0	0
0x55555555d580 <t180+32>:	0	0	0	0
0x55555555d590 <t180+48>:	0	0	0	0
0x55555555d5a0 <t180+64>:	0	0	0	0
0x55555555d5b0 <t180+80>:	0	0	0	0
0x55555555d5c0 <t180+96>:	0	0	0	0
0x55555555d5d0 <t180+112>:	0	0	0	0
0x55555555d5e0 <t180+128>:	0	0	0	0
0x55555555d5f0 <t180+144>:	0	0	0	0
0x55555555d600 <t180+160>:	0	0	0	0
0x55555555d610 <t180+176>:	0	0	0	0
0x55555555d620 <t180+192>:	0	0	0	0
0x55555555d630 <t180+208>:	0	0	0	0
0x55555555d640 <t181>:	0	181	1431688992	21845
0x55555555d650 <t181+16>:	0	0	0	0
0x55555555d660 <t181+32>:	0	0	0	0
0x55555555d670 <t181+48>:	0	0	0	0
0x55555555d680 <t181+64>:	0	0	0	0
0x55555555d690 <t181+80>:	0	0	0	0
0x55555555d6a0 <t181+96>:	0	0	0	0
0x55555555d6b0 <t181+112>:	0	0	0	0
0x55555555d6c0 <t181+128>:	0	0	0	0
0x55555555d6d0 <t181+144>:	0	0	0	0
0x55555555d6e0 <t181+160>:	0	0	0	0
0x55555555d6f0 <t181+176>:	0	0	0	0
0x55555555d700 <t181+192>:	0	0	0	0
0x55555555d710 <t181+208>:	0	0	0	0
0x55555555d720 <t182>:	0	182	0	0
0x55555555d730 <t182+16>:	0	0	0	0
0x55555555d740 <t182+32>:	0	0	0	0
0x55555555d750 <t182+48>:	0	0	0	0
0x55555555d760 <t182+64>:	0	0	0	0
0x55555555d770 <t182+80>:	0	0	0	0
0x55555555d780 <t182+96>:	1431689216	21845	0	0
0x55555555d790 <t182+112>:	0	0	0	0
0x55555555d7a0 <t182+128>:	0	0	0	0
0x55555555d7b0 <t182+144>:	0	0	0	0
0x55555555d7c0 <t182+160>:	0	0	0	0
0x55555555d7d0 <t182+176>:	0	0	0	0
0x55555555d7e0 <t182+192>:	0	0	0	0
0x55555555d7f0 <t182+208>:	0	0	0	0
0x55555555d800 <t183>:	0	183	0	0
0x55555555d810 <t183+16>:	0	0	0	0
0x55555555d820 <t183+32>:	0	0	0	0
0x55555555d830 <t183+48>:	0	0	0	0
0x55555555d840 <t183+64>:	0	0	0	0
0x55555555d850 <t183+80>:	0	0	0	0
0x55555555d860 <t183+96>:	1431679744	21845	0	0
0x55555555d870 <t183+112>:	0	0	0	0
0x55555555d880 <t183+128>:	0	0	0	0
0x55555555d890 <t183+144>:	0	0	0	0
0x55555555d8a0 <t183+160>:	0	0	0	0
0x55555555d8b0 <t183+176>:	0	0	0	0
0x55555555d8c0 <t183+192>:	0	0	0	0
0x55555555d8d0 <t183+208>:	0	0	0	0
0x55555555d8e0 <t96>:	0	96	0	0
0x55555555d8f0 <t96+16>:	0	0	0	0
0x55555555d900 <t96+32>:	0	0	0	0
0x55555555d910 <t96+48>:	0	0	0	0
0x55555555d920 <t96+64>:	0	0	0	0
0x55555555d930 <t96+80>:	0	0	0	0
0x55555555d940 <t96+96>:	0	0	0	0
0x55555555d950 <t96+112>:	0	0	0	0
0x55555555d960 <t96+128>:	0	0	0	0
0x55555555d970 <t96+144>:	1431689664	21845	0	0
0x55555555d980 <t96+160>:	0	0	0	0
0x55555555d990 <t96+176>:	0	0	0	0
0x55555555d9a0 <t96+192>:	0	0	0	0
0x55555555d9b0 <t96+208>:	0	0	0	0
0x55555555d9c0 <t97>:	0	97	0	0
0x55555555d9d0 <t97+16>:	0	0	0	0
0x55555555d9e0 <t97+32>:	0	0	0	0
0x55555555d9f0 <t97+48>:	0	0	0	0
0x55555555da00 <t97+64>:	0	0	1431689888	21845
0x55555555da10 <t97+80>:	0	0	0	0
0x55555555da20 <t97+96>:	0	0	0	0
0x55555555da30 <t97+112>:	0	0	0	0
0x55555555da40 <t97+128>:	0	0	0	0
0x55555555da50 <t97+144>:	0	0	0	0
0x55555555da60 <t97+160>:	0	0	0	0
0x55555555da70 <t97+176>:	0	0	0	0
0x55555555da80 <t97+192>:	0	0	0	0
0x55555555da90 <t97+208>:	0	0	0	0
0x55555555daa0 <t98>:	0	98	0	0
0x55555555dab0 <t98+16>:	0	0	0	0
0x55555555dac0 <t98+32>:	0	0	0	0
0x55555555dad0 <t98+48>:	0	0	0	0
0x55555555dae0 <t98+64>:	0	0	0	0
0x55555555daf0 <t98+80>:	0	0	0	0
0x55555555db00 <t98+96>:	0	0	0	0
0x55555555db10 <t98+112>:	0	0	0	0
0x55555555db20 <t98+128>:	0	0	0	0
0x55555555db30 <t98+144>:	0	0	0	0
0x55555555db40 <t98+160>:	1431690112	21845	0	0
0x55555555db50 <t98+176>:	0	0	0	0
0x55555555db60 <t98+192>:	0	0	0	0
0x55555555db70 <t98+208>:	0	0	0	0
0x55555555db80 <t99>:	0	99	0	0
0x55555555db90 <t99+16>:	0	0	0	0
0x55555555dba0 <t99+32>:	0	0	0	0
0x55555555dbb0 <t99+48>:	0	0	0	0
0x55555555dbc0 <t99+64>:	0	0	0	0
0x55555555dbd0 <t99+80>:	0	0	0	0
0x55555555dbe0 <t99+96>:	0	0	0	0
0x55555555dbf0 <t99+112>:	0	0	0	0
0x55555555dc00 <t99+128>:	0	0	0	0
0x55555555dc10 <t99+144>:	0	0	1431690336	21845
0x55555555dc20 <t99+160>:	0	0	0	0
0x55555555dc30 <t99+176>:	0	0	0	0
0x55555555dc40 <t99+192>:	0	0	0	0
0x55555555dc50 <t99+208>:	0	0	0	0
0x55555555dc60 <t100>:	0	100	0	0
0x55555555dc70 <t100+16>:	0	0	0	0
0x55555555dc80 <t100+32>:	0	0	0	0
0x55555555dc90 <t100+48>:	0	0	0	0
0x55555555dca0 <t100+64>:	0	0	0	0
0x55555555dcb0 <t100+80>:	0	0	0	0
0x55555555dcc0 <t100+96>:	0	0	0	0
0x55555555dcd0 <t100+112>:	0	0	0	0
0x55555555dce0 <t100+128>:	0	0	0	0
0x55555555dcf0 <t100+144>:	0	0	0	0
0x55555555dd00 <t100+160>:	0	0	1431679968	21845
0x55555555dd10 <t100+176>:	0	0	0	0
0x55555555dd20 <t100+192>:	0	0	0	0
0x55555555dd30 <t100+208>:	0	0	0	0
0x55555555dd40 <t9>:	0	9	0	0
0x55555555dd50 <t9+16>:	0	0	0	0
0x55555555dd60 <t9+32>:	0	0	0	0
0x55555555dd70 <t9+48>:	0	0	0	0
0x55555555dd80 <t9+64>:	1431692128	21845	0	0
0x55555555dd90 <t9+80>:	0	0	0	0
0x55555555dda0 <t9+96>:	0	0	0	0
0x55555555ddb0 <t9+112>:	0	0	1431690784	21845
0x55555555ddc0 <t9+128>:	0	0	0	0
0x55555555ddd0 <t9+144>:	0	0	0	0
0x55555555dde0 <t9+160>:	0	0	0	0
0x55555555ddf0 <t9+176>:	0	0	0	0
0x55555555de00 <t9+192>:	0	0	0	0
0x55555555de10 <t9+208>:	0	0	0	0
0x55555555de20 <t62>:	0	62	0	0
0x55555555de30 <t62+16>:	0	0	0	0
0x55555555de40 <t62+32>:	0	0	0	0
0x55555555de50 <t62+48>:	0	0	0	0
0x55555555de60 <t62+64>:	0	0	0	0
0x55555555de70 <t62+80>:	0	0	0	0
0x55555555de80 <t62+96>:	1431691008	21845	0	0
0x55555555de90 <t62+112>:	0	0	0	0
0x55555555dea0 <t62+128>:	0	0	0	0
0x55555555deb0 <t62+144>:	0	0	0	0
0x55555555dec0 <t62+160>:	0	0	0	0
0x55555555ded0 <t62+176>:	0	0	0	0
0x55555555dee0 <t62+192>:	0	0	0	0
0x55555555def0 <t62+208>:	0	0	0	0
0x55555555df00 <t63>:	0	63	0	0
0x55555555df10 <t63+16>:	0	0	0	0
0x55555555df20 <t63+32>:	0	0	0	0
0x55555555df30 <t63+48>:	0	0	0	0
0x55555555df40 <t63+64>:	0	0	1431691232	21845
0x55555555df50 <t63+80>:	0	0	0	0
0x55555555df60 <t63+96>:	0	0	0	0
0x55555555df70 <t63+112>:	0	0	0	0
0x55555555df80 <t63+128>:	0	0	0	0
0x55555555df90 <t63+144>:	0	0	0	0
0x55555555dfa0 <t63+160>:	0	0	0	0
0x55555555dfb0 <t63+176>:	0	0	0	0
0x55555555dfc0 <t63+192>:	0	0	0	0
0x55555555dfd0 <t63+208>:	0	0	0	0
0x55555555dfe0 <t64>:	0	64	0	0
0x55555555dff0 <t64+16>:	0	0	0	0
0x55555555e000 <t64+32>:	0	0	0	0
0x55555555e010 <t64+48>:	0	0	0	0
0x55555555e020 <t64+64>:	0	0	0	0
0x55555555e030 <t64+80>:	0	0	0	0
0x55555555e040 <t64+96>:	0	0	0	0
0x55555555e050 <t64+112>:	0	0	0	0
0x55555555e060 <t64+128>:	0	0	0	0
0x55555555e070 <t64+144>:	0	0	0	0
0x55555555e080 <t64+160>:	1431691456	21845	0	0
0x55555555e090 <t64+176>:	0	0	0	0
0x55555555e0a0 <t64+192>:	0	0	0	0
0x55555555e0b0 <t64+208>:	0	0	0	0
0x55555555e0c0 <t65>:	0	65	1431691680	21845
0x55555555e0d0 <t65+16>:	0	0	0	0
0x55555555e0e0 <t65+32>:	0	0	0	0
0x55555555e0f0 <t65+48>:	0	0	0	0
0x55555555e100 <t65+64>:	0	0	0	0
0x55555555e110 <t65+80>:	0	0	0	0
0x55555555e120 <t65+96>:	0	0	0	0
0x55555555e130 <t65+112>:	0	0	0	0
0x55555555e140 <t65+128>:	0	0	0	0
0x55555555e150 <t65+144>:	0	0	0	0
0x55555555e160 <t65+160>:	0	0	0	0
0x55555555e170 <t65+176>:	0	0	0	0
0x55555555e180 <t65+192>:	0	0	0	0
0x55555555e190 <t65+208>:	0	0	0	0
0x55555555e1a0 <t66>:	0	66	0	0
0x55555555e1b0 <t66+16>:	0	0	0	0
0x55555555e1c0 <t66+32>:	0	0	0	0
0x55555555e1d0 <t66+48>:	0	0	0	0
0x55555555e1e0 <t66+64>:	0	0	0	0
0x55555555e1f0 <t66+80>:	0	0	0	0
0x55555555e200 <t66+96>:	0	0	0	0
0x55555555e210 <t66+112>:	0	0	0	0
0x55555555e220 <t66+128>:	0	0	0	0
0x55555555e230 <t66+144>:	1431691904	21845	0	0
0x55555555e240 <t66+160>:	0	0	0	0
0x55555555e250 <t66+176>:	0	0	0	0
0x55555555e260 <t66+192>:	0	0	0	0
0x55555555e270 <t66+208>:	0	0	0	0
0x55555555e280 <t67>:	0	67	0	0
0x55555555e290 <t67+16>:	0	0	0	0
0x55555555e2a0 <t67+32>:	0	0	0	0
0x55555555e2b0 <t67+48>:	0	0	0	0
0x55555555e2c0 <t67+64>:	0	0	0	0
0x55555555e2d0 <t67+80>:	0	0	0	0
0x55555555e2e0 <t67+96>:	0	0	0	0
0x55555555e2f0 <t67+112>:	0	0	0	0
0x55555555e300 <t67+128>:	0	0	0	0
0x55555555e310 <t67+144>:	0	0	0	0
0x55555555e320 <t67+160>:	0	0	0	0
0x55555555e330 <t67+176>:	0	0	0	0
0x55555555e340 <t67+192>:	0	0	1431680192	21845
0x55555555e350 <t67+208>:	0	0	0	0
0x55555555e360 <t10>:	0	10	0	0
0x55555555e370 <t10+16>:	0	0	0	0
0x55555555e380 <t10+32>:	0	0	1431692352	21845
0x55555555e390 <t10+48>:	0	0	0	0
0x55555555e3a0 <t10+64>:	0	0	0	0
0x55555555e3b0 <t10+80>:	0	0	0	0
0x55555555e3c0 <t10+96>:	0	0	0	0
0x55555555e3d0 <t10+112>:	0	0	0	0
0x55555555e3e0 <t10+128>:	0	0	0	0
0x55555555e3f0 <t10+144>:	0	0	0	0
0x55555555e400 <t10+160>:	0	0	0	0
0x55555555e410 <t10+176>:	0	0	0	0
0x55555555e420 <t10+192>:	0	0	0	0
0x55555555e430 <t10+208>:	0	0	0	0
0x55555555e440 <t11>:	0	11	0	0
0x55555555e450 <t11+16>:	0	0	0	0
0x55555555e460 <t11+32>:	0	0	0	0
0x55555555e470 <t11+48>:	0	0	0	0
0x55555555e480 <t11+64>:	0	0	0	0
0x55555555e490 <t11+80>:	0	0	0	0
0x55555555e4a0 <t11+96>:	1431693696	21845	0	0
0x55555555e4b0 <t11+112>:	0	0	0	0
0x55555555e4c0 <t11+128>:	0	0	0	0
0x55555555e4d0 <t11+144>:	1431692576	21845	0	0
0x55555555e4e0 <t11+160>:	0	0	0	0
0x55555555e4f0 <t11+176>:	0	0	0	0
0x55555555e500 <t11+192>:	0	0	0	0
0x55555555e510 <t11+208>:	0	0	0	0
0x55555555e520 <t164>:	0	164	0	0
0x55555555e530 <t164+16>:	0	0	0	0
0x55555555e540 <t164+32>:	0	0	0	0
0x55555555e550 <t164+48>:	0	0	0	0
0x55555555e560 <t164+64>:	0	0	1431692800	21845
0x55555555e570 <t164+80>:	0	0	0	0
0x55555555e580 <t164+96>:	0	0	0	0
0x55555555e590 <t164+112>:	0	0	0	0
0x55555555e5a0 <t164+128>:	0	0	0	0
0x55555555e5b0 <t164+144>:	0	0	0	0
0x55555555e5c0 <t164+160>:	0	0	0	0
0x55555555e5d0 <t164+176>:	0	0	0	0
0x55555555e5e0 <t164+192>:	0	0	0	0
0x55555555e5f0 <t164+208>:	0	0	0	0
0x55555555e600 <t165>:	0	165	0	0
0x55555555e610 <t165+16>:	0	0	0	0
0x55555555e620 <t165+32>:	0	0	0	0
0x55555555e630 <t165+48>:	0	0	0	0
0x55555555e640 <t165+64>:	0	0	0	0
0x55555555e650 <t165+80>:	0	0	0	0
0x55555555e660 <t165+96>:	0	0	0	0
0x55555555e670 <t165+112>:	0	0	0	0
0x55555555e680 <t165+128>:	0	0	0	0
0x55555555e690 <t165+144>:	1431693024	21845	0	0
0x55555555e6a0 <t165+160>:	0	0	0	0
0x55555555e6b0 <t165+176>:	0	0	0	0
0x55555555e6c0 <t165+192>:	0	0	0	0
0x55555555e6d0 <t165+208>:	0	0	0	0
0x55555555e6e0 <t166>:	0	166	0	0
0x55555555e6f0 <t166+16>:	0	0	0	0
0x55555555e700 <t166+32>:	0	0	0	0
0x55555555e710 <t166+48>:	0	0	0	0
0x55555555e720 <t166+64>:	0	0	0	0
0x55555555e730 <t166+80>:	0	0	0	0
0x55555555e740 <t166+96>:	0	0	0	0
0x55555555e750 <t166+112>:	0	0	0	0
0x55555555e760 <t166+128>:	0	0	0	0
0x55555555e770 <t166+144>:	0	0	0	0
0x55555555e780 <t166+160>:	0	0	1431693248	21845
0x55555555e790 <t166+176>:	0	0	0	0
0x55555555e7a0 <t166+192>:	0	0	0	0
0x55555555e7b0 <t166+208>:	0	0	0	0
0x55555555e7c0 <t167>:	0	167	0	0
0x55555555e7d0 <t167+16>:	0	0	0	0
0x55555555e7e0 <t167+32>:	0	0	0	0
0x55555555e7f0 <t167+48>:	0	0	0	0
0x55555555e800 <t167+64>:	0	0	0	0
0x55555555e810 <t167+80>:	0	0	0	0
0x55555555e820 <t167+96>:	0	0	0	0
0x55555555e830 <t167+112>:	0	0	0	0
0x55555555e840 <t167+128>:	0	0	0	0
0x55555555e850 <t167+144>:	0	0	0	0
0x55555555e860 <t167+160>:	1431693472	21845	0	0
0x55555555e870 <t167+176>:	0	0	0	0
0x55555555e880 <t167+192>:	0	0	0	0
0x55555555e890 <t167+208>:	0	0	0	0
0x55555555e8a0 <t168>:	0	168	0	0
0x55555555e8b0 <t168+16>:	0	0	0	0
0x55555555e8c0 <t168+32>:	0	0	0	0
0x55555555e8d0 <t168+48>:	0	0	0	0
0x55555555e8e0 <t168+64>:	1431680416	21845	0	0
0x55555555e8f0 <t168+80>:	0	0	0	0
0x55555555e900 <t168+96>:	0	0	0	0
0x55555555e910 <t168+112>:	0	0	0	0
0x55555555e920 <t168+128>:	0	0	0	0
0x55555555e930 <t168+144>:	0	0	0	0
0x55555555e940 <t168+160>:	0	0	0	0
0x55555555e950 <t168+176>:	0	0	0	0
0x55555555e960 <t168+192>:	0	0	0	0
0x55555555e970 <t168+208>:	0	0	0	0
0x55555555e980 <t12>:	0	12	0	0
0x55555555e990 <t12+16>:	0	0	0	0
0x55555555e9a0 <t12+32>:	0	0	0	0
0x55555555e9b0 <t12+48>:	0	0	0	0
0x55555555e9c0 <t12+64>:	0	0	0	0
0x55555555e9d0 <t12+80>:	0	0	0	0
0x55555555e9e0 <t12+96>:	0	0	0	0
0x55555555e9f0 <t12+112>:	0	0	0	0
0x55555555ea00 <t12+128>:	0	0	0	0
0x55555555ea10 <t12+144>:	0	0	0	0
0x55555555ea20 <t12+160>:	1431693920	21845	0	0
0x55555555ea30 <t12+176>:	0	0	0	0
0x55555555ea40 <t12+192>:	0	0	0	0
0x55555555ea50 <t12+208>:	0	0	0	0
0x55555555ea60 <t13>:	0	13	0	0
0x55555555ea70 <t13+16>:	0	0	0	0
0x55555555ea80 <t13+32>:	0	0	1431694144	21845
0x55555555ea90 <t13+48>:	0	0	0	0
0x55555555eaa0 <t13+64>:	0	0	0	0
0x55555555eab0 <t13+80>:	0	0	0	0
0x55555555eac0 <t13+96>:	0	0	0	0
0x55555555ead0 <t13+112>:	0	0	0	0
0x55555555eae0 <t13+128>:	0	0	0	0
0x55555555eaf0 <t13+144>:	0	0	0	0
0x55555555eb00 <t13+160>:	0	0	0	0
0x55555555eb10 <t13+176>:	0	0	0	0
0x55555555eb20 <t13+192>:	0	0	0	0
0x55555555eb30 <t13+208>:	0	0	0	0
0x55555555eb40 <t14>:	0	14	0	0
0x55555555eb50 <t14+16>:	0	0	0	0
0x55555555eb60 <t14+32>:	0	0	0	0
0x55555555eb70 <t14+48>:	0	0	0	0
0x55555555eb80 <t14+64>:	0	0	0	0
0x55555555eb90 <t14+80>:	0	0	0	0
0x55555555eba0 <t14+96>:	0	0	0	0
0x55555555ebb0 <t14+112>:	0	0	0	0
0x55555555ebc0 <t14+128>:	0	0	0	0
0x55555555ebd0 <t14+144>:	1431680640	21845	0	0
0x55555555ebe0 <t14+160>:	0	0	0	0
0x55555555ebf0 <t14+176>:	0	0	0	0
0x55555555ec00 <t14+192>:	0	0	0	0
0x55555555ec10 <t14+208>:	0	0	0	0
0x55555555ec20 <t84>:	0	84	0	0
0x55555555ec30 <t84+16>:	0	0	0	0
0x55555555ec40 <t84+32>:	0	0	1431694592	21845
0x55555555ec50 <t84+48>:	0	0	0	0
0x55555555ec60 <t84+64>:	0	0	0	0
0x55555555ec70 <t84+80>:	0	0	0	0
0x55555555ec80 <t84+96>:	0	0	0	0
0x55555555ec90 <t84+112>:	0	0	0	0
0x55555555eca0 <t84+128>:	0	0	0	0
0x55555555ecb0 <t84+144>:	0	0	0	0
0x55555555ecc0 <t84+160>:	0	0	0	0
0x55555555ecd0 <t84+176>:	0	0	0	0
0x55555555ece0 <t84+192>:	0	0	0	0
0x55555555ecf0 <t84+208>:	0	0	0	0
0x55555555ed00 <t85>:	0	85	0	0
0x55555555ed10 <t85+16>:	0	0	0	0
0x55555555ed20 <t85+32>:	0	0	0	0
0x55555555ed30 <t85+48>:	0	0	0	0
0x55555555ed40 <t85+64>:	0	0	1431695712	21845
0x55555555ed50 <t85+80>:	0	0	0	0
0x55555555ed60 <t85+96>:	0	0	0	0
0x55555555ed70 <t85+112>:	0	0	0	0
0x55555555ed80 <t85+128>:	0	0	0	0
0x55555555ed90 <t85+144>:	0	0	1431694816	21845
0x55555555eda0 <t85+160>:	0	0	0	0
0x55555555edb0 <t85+176>:	0	0	0	0
0x55555555edc0 <t85+192>:	0	0	0	0
0x55555555edd0 <t85+208>:	0	0	0	0
0x55555555ede0 <t102>:	0	102	0	0
0x55555555edf0 <t102+16>:	0	0	0	0
0x55555555ee00 <t102+32>:	0	0	0	0
0x55555555ee10 <t102+48>:	0	0	0	0
0x55555555ee20 <t102+64>:	0	0	0	0
0x55555555ee30 <t102+80>:	0	0	0	0
0x55555555ee40 <t102+96>:	0	0	0	0
0x55555555ee50 <t102+112>:	0	0	0	0
0x55555555ee60 <t102+128>:	0	0	0	0
0x55555555ee70 <t102+144>:	0	0	0	0
0x55555555ee80 <t102+160>:	1431695040	21845	0	0
0x55555555ee90 <t102+176>:	0	0	0	0
0x55555555eea0 <t102+192>:	0	0	0	0
0x55555555eeb0 <t102+208>:	0	0	0	0
0x55555555eec0 <t103>:	0	103	1431695264	21845
0x55555555eed0 <t103+16>:	0	0	0	0
0x55555555eee0 <t103+32>:	0	0	0	0
0x55555555eef0 <t103+48>:	0	0	0	0
0x55555555ef00 <t103+64>:	0	0	0	0
0x55555555ef10 <t103+80>:	0	0	0	0
0x55555555ef20 <t103+96>:	0	0	0	0
0x55555555ef30 <t103+112>:	0	0	0	0
0x55555555ef40 <t103+128>:	0	0	0	0
0x55555555ef50 <t103+144>:	0	0	0	0
0x55555555ef60 <t103+160>:	0	0	0	0
0x55555555ef70 <t103+176>:	0	0	0	0
0x55555555ef80 <t103+192>:	0	0	0	0
0x55555555ef90 <t103+208>:	0	0	0	0
0x55555555efa0 <t104>:	0	104	0	0
0x55555555efb0 <t104+16>:	0	0	0	0
0x55555555efc0 <t104+32>:	0	0	0	0
0x55555555efd0 <t104+48>:	0	0	0	0
0x55555555efe0 <t104+64>:	0	0	0	0
0x55555555eff0 <t104+80>:	0	0	0	0
0x55555555f000 <t104+96>:	0	0	0	0
0x55555555f010 <t104+112>:	0	0	0	0
0x55555555f020 <t104+128>:	0	0	0	0
0x55555555f030 <t104+144>:	1431695488	21845	0	0
0x55555555f040 <t104+160>:	0	0	0	0
0x55555555f050 <t104+176>:	0	0	0	0
0x55555555f060 <t104+192>:	0	0	0	0
0x55555555f070 <t104+208>:	0	0	0	0
0x55555555f080 <t105>:	0	105	0	0
0x55555555f090 <t105+16>:	0	0	0	0
0x55555555f0a0 <t105+32>:	0	0	0	0
0x55555555f0b0 <t105+48>:	0	0	0	0
0x55555555f0c0 <t105+64>:	0	0	0	0
0x55555555f0d0 <t105+80>:	0	0	0	0
0x55555555f0e0 <t105+96>:	0	0	0	0
0x55555555f0f0 <t105+112>:	0	0	0	0
0x55555555f100 <t105+128>:	0	0	0	0
0x55555555f110 <t105+144>:	0	0	0	0
0x55555555f120 <t105+160>:	1431680864	21845	0	0
0x55555555f130 <t105+176>:	0	0	0	0
0x55555555f140 <t105+192>:	0	0	0	0
0x55555555f150 <t105+208>:	0	0	0	0
0x55555555f160 <t86>:	0	86	0	0
0x55555555f170 <t86+16>:	0	0	0	0
0x55555555f180 <t86+32>:	0	0	0	0
0x55555555f190 <t86+48>:	0	0	0	0
0x55555555f1a0 <t86+64>:	0	0	0	0
0x55555555f1b0 <t86+80>:	0	0	0	0
0x55555555f1c0 <t86+96>:	0	0	1431695936	21845
0x55555555f1d0 <t86+112>:	0	0	0	0
0x55555555f1e0 <t86+128>:	0	0	0	0
0x55555555f1f0 <t86+144>:	0	0	0	0
0x55555555f200 <t86+160>:	0	0	0	0
0x55555555f210 <t86+176>:	0	0	0	0
0x55555555f220 <t86+192>:	0	0	0	0
0x55555555f230 <t86+208>:	0	0	0	0
0x55555555f240 <t87>:	0	87	0	0
0x55555555f250 <t87+16>:	0	0	0	0
0x55555555f260 <t87+32>:	0	0	0	0
0x55555555f270 <t87+48>:	0	0	0	0
0x55555555f280 <t87+64>:	0	0	0	0
0x55555555f290 <t87+80>:	0	0	0	0
0x55555555f2a0 <t87+96>:	0	0	0	0
0x55555555f2b0 <t87+112>:	0	0	0	0
0x55555555f2c0 <t87+128>:	0	0	0	0
0x55555555f2d0 <t87+144>:	0	0	0	0
0x55555555f2e0 <t87+160>:	0	0	1431681088	21845
0x55555555f2f0 <t87+176>:	0	0	0	0
0x55555555f300 <t87+192>:	0	0	0	0
0x55555555f310 <t87+208>:	0	0	0	0
0x55555555f320 <t16>:	0	16	0	0
0x55555555f330 <t16+16>:	0	0	0	0
0x55555555f340 <t16+32>:	0	0	0	0
0x55555555f350 <t16+48>:	0	0	0	0
0x55555555f360 <t16+64>:	0	0	0	0
0x55555555f370 <t16+80>:	0	0	0	0
0x55555555f380 <t16+96>:	0	0	0	0
0x55555555f390 <t16+112>:	0	0	0	0
0x55555555f3a0 <t16+128>:	0	0	0	0
0x55555555f3b0 <t16+144>:	1431696384	21845	0	0
0x55555555f3c0 <t16+160>:	0	0	0	0
0x55555555f3d0 <t16+176>:	0	0	0	0
0x55555555f3e0 <t16+192>:	0	0	0	0
0x55555555f3f0 <t16+208>:	0	0	0	0
0x55555555f400 <t17>:	0	17	1431698176	21845
0x55555555f410 <t17+16>:	0	0	0	0
0x55555555f420 <t17+32>:	0	0	0	0
0x55555555f430 <t17+48>:	0	0	0	0
0x55555555f440 <t17+64>:	0	0	0	0
0x55555555f450 <t17+80>:	0	0	0	0
0x55555555f460 <t17+96>:	0	0	0	0
0x55555555f470 <t17+112>:	0	0	1431696608	21845
0x55555555f480 <t17+128>:	0	0	0	0
0x55555555f490 <t17+144>:	0	0	0	0
0x55555555f4a0 <t17+160>:	0	0	0	0
0x55555555f4b0 <t17+176>:	0	0	0	0
0x55555555f4c0 <t17+192>:	0	0	0	0
0x55555555f4d0 <t17+208>:	0	0	0	0
0x55555555f4e0 <t18>:	0	18	0	0
0x55555555f4f0 <t18+16>:	0	0	0	0
0x55555555f500 <t18+32>:	0	0	0	0
0x55555555f510 <t18+48>:	0	0	1431696832	21845
0x55555555f520 <t18+64>:	0	0	0	0
0x55555555f530 <t18+80>:	0	0	0	0
0x55555555f540 <t18+96>:	0	0	0	0
0x55555555f550 <t18+112>:	0	0	0	0
0x55555555f560 <t18+128>:	0	0	0	0
0x55555555f570 <t18+144>:	0	0	0	0
0x55555555f580 <t18+160>:	0	0	0	0
0x55555555f590 <t18+176>:	0	0	0	0
0x55555555f5a0 <t18+192>:	0	0	0	0
0x55555555f5b0 <t18+208>:	0	0	0	0
0x55555555f5c0 <t19>:	0	19	0	0
0x55555555f5d0 <t19+16>:	0	0	0	0
0x55555555f5e0 <t19+32>:	0	0	0	0
0x55555555f5f0 <t19+48>:	0	0	0	0
0x55555555f600 <t19+64>:	0	0	0	0
0x55555555f610 <t19+80>:	0	0	0	0
0x55555555f620 <t19+96>:	0	0	0	0
0x55555555f630 <t19+112>:	0	0	0	0
0x55555555f640 <t19+128>:	0	0	0	0
0x55555555f650 <t19+144>:	1431697056	21845	0	0
0x55555555f660 <t19+160>:	0	0	0	0
0x55555555f670 <t19+176>:	0	0	0	0
0x55555555f680 <t19+192>:	0	0	0	0
0x55555555f690 <t19+208>:	0	0	0	0
0x55555555f6a0 <t20>:	0	20	1431697280	21845
0x55555555f6b0 <t20+16>:	0	0	0	0
0x55555555f6c0 <t20+32>:	0	0	0	0
0x55555555f6d0 <t20+48>:	0	0	0	0
0x55555555f6e0 <t20+64>:	0	0	0	0
0x55555555f6f0 <t20+80>:	0	0	0	0
0x55555555f700 <t20+96>:	0	0	0	0
0x55555555f710 <t20+112>:	0	0	0	0
0x55555555f720 <t20+128>:	0	0	0	0
0x55555555f730 <t20+144>:	0	0	0	0
0x55555555f740 <t20+160>:	0	0	0	0
0x55555555f750 <t20+176>:	0	0	0	0
0x55555555f760 <t20+192>:	0	0	0	0
0x55555555f770 <t20+208>:	0	0	0	0
0x55555555f780 <t21>:	0	21	0	0
0x55555555f790 <t21+16>:	0	0	0	0
0x55555555f7a0 <t21+32>:	0	0	0	0
0x55555555f7b0 <t21+48>:	0	0	0	0
0x55555555f7c0 <t21+64>:	0	0	0	0
0x55555555f7d0 <t21+80>:	0	0	0	0
0x55555555f7e0 <t21+96>:	0	0	1431697504	21845
0x55555555f7f0 <t21+112>:	0	0	0	0
0x55555555f800 <t21+128>:	0	0	0	0
0x55555555f810 <t21+144>:	0	0	0	0
0x55555555f820 <t21+160>:	0	0	0	0
0x55555555f830 <t21+176>:	0	0	0	0
0x55555555f840 <t21+192>:	0	0	0	0
0x55555555f850 <t21+208>:	0	0	0	0
0x55555555f860 <t22>:	0	22	0	0
0x55555555f870 <t22+16>:	0	0	0	0
0x55555555f880 <t22+32>:	0	0	0	0
0x55555555f890 <t22+48>:	0	0	0	0
0x55555555f8a0 <t22+64>:	0	0	0	0
0x55555555f8b0 <t22+80>:	0	0	0	0
0x55555555f8c0 <t22+96>:	0	0	1431697728	21845
0x55555555f8d0 <t22+112>:	0	0	0	0
0x55555555f8e0 <t22+128>:	0	0	0	0
0x55555555f8f0 <t22+144>:	0	0	0	0
0x55555555f900 <t22+160>:	0	0	0	0
0x55555555f910 <t22+176>:	0	0	0	0
0x55555555f920 <t22+192>:	0	0	0	0
0x55555555f930 <t22+208>:	0	0	0	0
0x55555555f940 <t23>:	0	23	0	0
0x55555555f950 <t23+16>:	0	0	0	0
0x55555555f960 <t23+32>:	0	0	1431697952	21845
0x55555555f970 <t23+48>:	0	0	0	0
0x55555555f980 <t23+64>:	0	0	0	0
0x55555555f990 <t23+80>:	0	0	0	0
0x55555555f9a0 <t23+96>:	0	0	0	0
0x55555555f9b0 <t23+112>:	0	0	0	0
0x55555555f9c0 <t23+128>:	0	0	0	0
0x55555555f9d0 <t23+144>:	0	0	0	0
0x55555555f9e0 <t23+160>:	0	0	0	0
0x55555555f9f0 <t23+176>:	0	0	0	0
0x55555555fa00 <t23+192>:	0	0	0	0
0x55555555fa10 <t23+208>:	0	0	0	0
0x55555555fa20 <t24>:	0	24	0	0
0x55555555fa30 <t24+16>:	0	0	0	0
0x55555555fa40 <t24+32>:	0	0	0	0
0x55555555fa50 <t24+48>:	0	0	0	0
0x55555555fa60 <t24+64>:	0	0	0	0
0x55555555fa70 <t24+80>:	0	0	0	0
0x55555555fa80 <t24+96>:	0	0	0	0
0x55555555fa90 <t24+112>:	0	0	0	0
0x55555555faa0 <t24+128>:	0	0	0	0
0x55555555fab0 <t24+144>:	1431681312	21845	0	0
0x55555555fac0 <t24+160>:	0	0	0	0
0x55555555fad0 <t24+176>:	0	0	0	0
0x55555555fae0 <t24+192>:	0	0	0	0
0x55555555faf0 <t24+208>:	0	0	0	0
0x55555555fb00 <t145>:	0	145	0	0
0x55555555fb10 <t145+16>:	0	0	0	0
0x55555555fb20 <t145+32>:	0	0	0	0
0x55555555fb30 <t145+48>:	0	0	1431698400	21845
0x55555555fb40 <t145+64>:	0	0	0	0
0x55555555fb50 <t145+80>:	0	0	0	0
0x55555555fb60 <t145+96>:	0	0	0	0
0x55555555fb70 <t145+112>:	0	0	0	0
0x55555555fb80 <t145+128>:	0	0	0	0
0x55555555fb90 <t145+144>:	0	0	0	0
0x55555555fba0 <t145+160>:	0	0	0	0
0x55555555fbb0 <t145+176>:	0	0	0	0
0x55555555fbc0 <t145+192>:	0	0	0	0
0x55555555fbd0 <t145+208>:	0	0	0	0
0x55555555fbe0 <t146>:	0	146	0	0
0x55555555fbf0 <t146+16>:	0	0	0	0
0x55555555fc00 <t146+32>:	0	0	0	0
0x55555555fc10 <t146+48>:	0	0	0	0
0x55555555fc20 <t146+64>:	0	0	0	0
0x55555555fc30 <t146+80>:	0	0	0	0
0x55555555fc40 <t146+96>:	0	0	1431698624	21845
0x55555555fc50 <t146+112>:	0	0	0	0
0x55555555fc60 <t146+128>:	0	0	0	0
0x55555555fc70 <t146+144>:	0	0	0	0
0x55555555fc80 <t146+160>:	0	0	0	0
0x55555555fc90 <t146+176>:	0	0	0	0
0x55555555fca0 <t146+192>:	0	0	0	0
0x55555555fcb0 <t146+208>:	0	0	0	0
0x55555555fcc0 <t147>:	0	147	1431698848	21845
0x55555555fcd0 <t147+16>:	0	0	0	0
0x55555555fce0 <t147+32>:	0	0	0	0
0x55555555fcf0 <t147+48>:	0	0	0	0
0x55555555fd00 <t147+64>:	0	0	0	0
0x55555555fd10 <t147+80>:	0	0	0	0
0x55555555fd20 <t147+96>:	0	0	0	0
0x55555555fd30 <t147+112>:	0	0	0	0
0x55555555fd40 <t147+128>:	0	0	0	0
0x55555555fd50 <t147+144>:	0	0	0	0
0x55555555fd60 <t147+160>:	0	0	0	0
0x55555555fd70 <t147+176>:	0	0	0	0
0x55555555fd80 <t147+192>:	0	0	0	0
0x55555555fd90 <t147+208>:	0	0	0	0
0x55555555fda0 <t148>:	24	148	0	0
0x55555555fdb0 <t148+16>:	0	0	0	0
0x55555555fdc0 <t148+32>:	0	0	0	0
0x55555555fdd0 <t148+48>:	0	0	0	0
0x55555555fde0 <t148+64>:	0	0	0	0
0x55555555fdf0 <t148+80>:	0	0	0	0
0x55555555fe00 <t148+96>:	0	0	0	0
0x55555555fe10 <t148+112>:	0	0	0	0
0x55555555fe20 <t148+128>:	0	0	0	0
0x55555555fe30 <t148+144>:	0	0	0	0
0x55555555fe40 <t148+160>:	1431699072	21845	0	0
0x55555555fe50 <t148+176>:	0	0	0	0
0x55555555fe60 <t148+192>:	0	0	0	0
0x55555555fe70 <t148+208>:	0	0	0	0
0x55555555fe80 <t176>:	0	176	0	0
0x55555555fe90 <t176+16>:	0	0	0	0
0x55555555fea0 <t176+32>:	0	0	0	0
0x55555555feb0 <t176+48>:	0	0	0	0
0x55555555fec0 <t176+64>:	0	0	1431699296	21845
0x55555555fed0 <t176+80>:	0	0	0	0
0x55555555fee0 <t176+96>:	0	0	0	0
0x55555555fef0 <t176+112>:	0	0	0	0
0x55555555ff00 <t176+128>:	0	0	0	0
0x55555555ff10 <t176+144>:	0	0	0	0
0x55555555ff20 <t176+160>:	0	0	0	0
0x55555555ff30 <t176+176>:	0	0	0	0
0x55555555ff40 <t176+192>:	0	0	0	0
0x55555555ff50 <t176+208>:	0	0	0	0
0x55555555ff60 <t177>:	0	177	0	0
0x55555555ff70 <t177+16>:	0	0	0	0
0x55555555ff80 <t177+32>:	0	0	0	0
0x55555555ff90 <t177+48>:	0	0	0	0
0x55555555ffa0 <t177+64>:	0	0	0	0
0x55555555ffb0 <t177+80>:	0	0	0	0
0x55555555ffc0 <t177+96>:	0	0	0	0
0x55555555ffd0 <t177+112>:	0	0	0	0
0x55555555ffe0 <t177+128>:	0	0	0	0
0x55555555fff0 <t177+144>:	0	0	1431699520	21845
0x555555560000 <t177+160>:	0	0	0	0
0x555555560010 <t177+176>:	0	0	0	0
0x555555560020 <t177+192>:	0	0	0	0
0x555555560030 <t177+208>:	0	0	0	0
0x555555560040 <t178>:	0	178	0	0
0x555555560050 <t178+16>:	0	0	0	0
0x555555560060 <t178+32>:	0	0	0	0
0x555555560070 <t178+48>:	0	0	0	0
0x555555560080 <t178+64>:	0	0	0	0
0x555555560090 <t178+80>:	0	0	0	0
0x5555555600a0 <t178+96>:	0	0	1431681536	21845
0x5555555600b0 <t178+112>:	0	0	0	0
0x5555555600c0 <t178+128>:	0	0	0	0
0x5555555600d0 <t178+144>:	0	0	0	0
0x5555555600e0 <t178+160>:	0	0	0	0
0x5555555600f0 <t178+176>:	0	0	0	0
0x555555560100 <t178+192>:	0	0	0	0
0x555555560110 <t178+208>:	0	0	0	0
0x555555560120 <t115>:	0	115	1431699968	21845
0x555555560130 <t115+16>:	0	0	0	0
0x555555560140 <t115+32>:	0	0	0	0
0x555555560150 <t115+48>:	0	0	0	0
0x555555560160 <t115+64>:	0	0	0	0
0x555555560170 <t115+80>:	0	0	0	0
0x555555560180 <t115+96>:	0	0	0	0
0x555555560190 <t115+112>:	0	0	0	0
0x5555555601a0 <t115+128>:	0	0	0	0
0x5555555601b0 <t115+144>:	0	0	0	0
0x5555555601c0 <t115+160>:	0	0	0	0
0x5555555601d0 <t115+176>:	0	0	0	0
0x5555555601e0 <t115+192>:	0	0	0	0
0x5555555601f0 <t115+208>:	0	0	0	0
0x555555560200 <t116>:	0	116	0	0
0x555555560210 <t116+16>:	1431701088	21845	0	0
0x555555560220 <t116+32>:	1431700192	21845	0	0
0x555555560230 <t116+48>:	0	0	0	0
0x555555560240 <t116+64>:	0	0	0	0
0x555555560250 <t116+80>:	0	0	0	0
0x555555560260 <t116+96>:	0	0	0	0
0x555555560270 <t116+112>:	0	0	0	0
0x555555560280 <t116+128>:	0	0	0	0
0x555555560290 <t116+144>:	0	0	0	0
0x5555555602a0 <t116+160>:	0	0	0	0
0x5555555602b0 <t116+176>:	0	0	0	0
0x5555555602c0 <t116+192>:	0	0	0	0
0x5555555602d0 <t116+208>:	0	0	0	0
0x5555555602e0 <t149>:	0	149	0	0
0x5555555602f0 <t149+16>:	0	0	0	0
0x555555560300 <t149+32>:	0	0	0	0
0x555555560310 <t149+48>:	0	0	0	0
0x555555560320 <t149+64>:	0	0	0	0
0x555555560330 <t149+80>:	0	0	0	0
0x555555560340 <t149+96>:	0	0	0	0
0x555555560350 <t149+112>:	0	0	0	0
0x555555560360 <t149+128>:	0	0	0	0
0x555555560370 <t149+144>:	0	0	0	0
0x555555560380 <t149+160>:	0	0	0	0
0x555555560390 <t149+176>:	0	0	0	0
0x5555555603a0 <t149+192>:	0	0	1431700416	21845
0x5555555603b0 <t149+208>:	0	0	0	0
0x5555555603c0 <t150>:	0	150	0	0
0x5555555603d0 <t150+16>:	1431700640	21845	0	0
0x5555555603e0 <t150+32>:	0	0	0	0
0x5555555603f0 <t150+48>:	0	0	0	0
0x555555560400 <t150+64>:	0	0	0	0
0x555555560410 <t150+80>:	0	0	0	0
0x555555560420 <t150+96>:	0	0	0	0
0x555555560430 <t150+112>:	0	0	0	0
0x555555560440 <t150+128>:	0	0	0	0
0x555555560450 <t150+144>:	0	0	0	0
0x555555560460 <t150+160>:	0	0	0	0
0x555555560470 <t150+176>:	0	0	0	0
0x555555560480 <t150+192>:	0	0	0	0
0x555555560490 <t150+208>:	0	0	0	0
0x5555555604a0 <t151>:	0	151	0	0
0x5555555604b0 <t151+16>:	0	0	0	0
0x5555555604c0 <t151+32>:	0	0	0	0
0x5555555604d0 <t151+48>:	0	0	0	0
0x5555555604e0 <t151+64>:	0	0	0	0
0x5555555604f0 <t151+80>:	0	0	0	0
0x555555560500 <t151+96>:	0	0	0	0
0x555555560510 <t151+112>:	0	0	0	0
0x555555560520 <t151+128>:	0	0	0	0
0x555555560530 <t151+144>:	0	0	0	0
0x555555560540 <t151+160>:	0	0	1431700864	21845
0x555555560550 <t151+176>:	0	0	0	0
0x555555560560 <t151+192>:	0	0	0	0
0x555555560570 <t151+208>:	0	0	0	0
0x555555560580 <t152>:	0	152	0	0
0x555555560590 <t152+16>:	0	0	0	0
0x5555555605a0 <t152+32>:	0	0	0	0
0x5555555605b0 <t152+48>:	0	0	1431681760	21845
0x5555555605c0 <t152+64>:	0	0	0	0
0x5555555605d0 <t152+80>:	0	0	0	0
0x5555555605e0 <t152+96>:	0	0	0	0
0x5555555605f0 <t152+112>:	0	0	0	0
0x555555560600 <t152+128>:	0	0	0	0
0x555555560610 <t152+144>:	0	0	0	0
0x555555560620 <t152+160>:	0	0	0	0
0x555555560630 <t152+176>:	0	0	0	0
0x555555560640 <t152+192>:	0	0	0	0
0x555555560650 <t152+208>:	0	0	0	0
0x555555560660 <t117>:	0	117	0	0
0x555555560670 <t117+16>:	0	0	0	0
0x555555560680 <t117+32>:	0	0	0	0
0x555555560690 <t117+48>:	0	0	0	0
0x5555555606a0 <t117+64>:	0	0	0	0
0x5555555606b0 <t117+80>:	0	0	0	0
0x5555555606c0 <t117+96>:	0	0	0	0
0x5555555606d0 <t117+112>:	0	0	0	0
0x5555555606e0 <t117+128>:	0	0	0	0
0x5555555606f0 <t117+144>:	0	0	0	0
0x555555560700 <t117+160>:	0	0	0	0
0x555555560710 <t117+176>:	0	0	0	0
0x555555560720 <t117+192>:	0	0	1431701312	21845
0x555555560730 <t117+208>:	0	0	0	0
0x555555560740 <t118>:	0	118	0	0
0x555555560750 <t118+16>:	0	0	0	0
0x555555560760 <t118+32>:	0	0	0	0
0x555555560770 <t118+48>:	0	0	0	0
0x555555560780 <t118+64>:	0	0	0	0
0x555555560790 <t118+80>:	0	0	0	0
0x5555555607a0 <t118+96>:	0	0	0	0
0x5555555607b0 <t118+112>:	0	0	0	0
0x5555555607c0 <t118+128>:	0	0	0	0
0x5555555607d0 <t118+144>:	1431701536	21845	0	0
0x5555555607e0 <t118+160>:	0	0	0	0
0x5555555607f0 <t118+176>:	0	0	0	0
0x555555560800 <t118+192>:	0	0	0	0
0x555555560810 <t118+208>:	0	0	0	0
0x555555560820 <t119>:	0	119	0	0
0x555555560830 <t119+16>:	0	0	0	0
0x555555560840 <t119+32>:	0	0	0	0
0x555555560850 <t119+48>:	0	0	0	0
0x555555560860 <t119+64>:	0	0	1431701760	21845
0x555555560870 <t119+80>:	0	0	0	0
0x555555560880 <t119+96>:	0	0	0	0
0x555555560890 <t119+112>:	0	0	0	0
0x5555555608a0 <t119+128>:	0	0	0	0
0x5555555608b0 <t119+144>:	0	0	0	0
0x5555555608c0 <t119+160>:	0	0	0	0
0x5555555608d0 <t119+176>:	0	0	0	0
0x5555555608e0 <t119+192>:	0	0	0	0
0x5555555608f0 <t119+208>:	0	0	0	0
0x555555560900 <t120>:	0	120	0	0
0x555555560910 <t120+16>:	0	0	0	0
0x555555560920 <t120+32>:	0	0	0	0
0x555555560930 <t120+48>:	0	0	0	0
0x555555560940 <t120+64>:	0	0	0	0
0x555555560950 <t120+80>:	0	0	0	0
0x555555560960 <t120+96>:	0	0	0	0
0x555555560970 <t120+112>:	1431701984	21845	0	0
0x555555560980 <t120+128>:	0	0	0	0
0x555555560990 <t120+144>:	0	0	0	0
0x5555555609a0 <t120+160>:	0	0	0	0
0x5555555609b0 <t120+176>:	0	0	0	0
0x5555555609c0 <t120+192>:	0	0	0	0
0x5555555609d0 <t120+208>:	0	0	0	0
0x5555555609e0 <t121>:	0	121	0	0
0x5555555609f0 <t121+16>:	0	0	0	0
0x555555560a00 <t121+32>:	0	0	0	0
0x555555560a10 <t121+48>:	0	0	0	0
0x555555560a20 <t121+64>:	0	0	0	0
0x555555560a30 <t121+80>:	0	0	0	0
0x555555560a40 <t121+96>:	0	0	0	0
0x555555560a50 <t121+112>:	0	0	0	0
0x555555560a60 <t121+128>:	0	0	0	0
0x555555560a70 <t121+144>:	0	0	0	0
0x555555560a80 <t121+160>:	1431702208	21845	0	0
0x555555560a90 <t121+176>:	0	0	0	0
0x555555560aa0 <t121+192>:	0	0	0	0
0x555555560ab0 <t121+208>:	0	0	0	0
0x555555560ac0 <t122>:	0	122	0	0
0x555555560ad0 <t122+16>:	0	0	0	0
0x55555555aba0:	0	0	0	0
0x55555555abb0:	0	0	0	0
0x55555555abc0:	0	0	0	0
0x55555555abd0:	0	0	0	0
0x55555555abe0:	0	0	0	0
0x55555555abf0:	0	0	0	0
0x55555555ac00:	0	0	0	0
0x55555555ac10:	0	0	0	0
0x55555555ac20:	0	0	0	0
0x55555555ac30:	0	0	0	0
0x55555555ac40:	0	0	0	0
0x55555555ac50:	0	0	0	0
0x55555555ac60:	0	0	0	0
0x55555555ac70:	0	0	0	0
0x55555555ac80:	0	0	0	0
0x55555555ac90:	0	0	0	0
0x55555555aca0:	0	0	0	0
0x55555555acb0:	0	0	0	0
0x55555555acc0:	0	0	0	0
0x55555555acd0:	0	0	0	0
0x55555555ace0:	0	0	0	0
0x55555555acf0:	0	0	0	0
0x55555555ad00:	0	0	0	0
0x55555555ad10:	0	0	0	0
0x55555555ad20:	0	0	0	0
0x55555555ad30:	0	0	0	0
0x55555555ad40:	0	0	0	0
0x55555555ad50:	0	0	0	0
0x55555555ad60:	0	0	0	0
0x55555555ad70:	0	0	0	0
0x55555555ad80:	0	0	0	0
0x55555555ad90:	0	0	0	0
0x55555555ada0:	0	0	0	0
0x55555555adb0:	0	0	0	0
0x55555555adc0:	0	0	0	0
0x55555555add0:	0	0	0	0
0x55555555ade0:	0	0	1431659232	21845
0x55555555adf0:	1431659152	21845	1	0
0x55555555ae00:	287	0	12	0
0x55555555ae10:	8192	0	13	0
0x55555555ae20:	15192	0	25	0
0x55555555ae30:	28136	0	27	0
0x55555555ae40:	8	0	26	0
0x55555555ae50:	28144	0	28	0
0x55555555ae60:	8	0	1879047925	0
0x55555555ae70:	1431651264	21845	5	0
0x55555555ae80:	1431652200	21845	6	0
0x55555555ae90:	1431651312	21845	10	0
0x55555555aea0:	408	0	11	0
0x55555555aeb0:	24	0	21	0
0x55555555aec0:	-134225632	32767	3	0
0x55555555aed0:	1431678976	21845	2	0
0x55555555aee0:	672	0	20	0
0x55555555aef0:	7	0	23	0
0x55555555af00:	1431657616	21845	7	0
0x55555555af10:	1431652768	21845	8	0
0x55555555af20:	4848	0	9	0
0x55555555af30:	24	0	1879048187	0
0x55555555af40:	134217728	0	1879048190	0
0x55555555af50:	2384	0	1879048191	0
0x55555555af60:	1	0	1879048176	0
0x55555555af70:	1431652608	21845	1879048185	0
0x55555555af80:	194	0	0	0
0x55555555af90:	0	0	0	0
0x55555555afa0:	0	0	0	0
0x55555555afb0:	0	0	0	0
0x55555555afc0:	0	0	0	0
0x55555555afd0:	0	0	0	0
0x55555555afe0:	-140315552	32767	0	0
0x55555555aff0:	0	0	-140218432	32767
0x55555555b000:	28152	0	-134225584	32767
0x55555555b010:	-136373712	32767	-140221936	32767
0x55555555b020:	-139115680	32767	1431658582	21845
0x55555555b030:	-139823152	32767	-139995328	32767
0x55555555b040:	-139474032	32767	-138950480	32767
0x55555555b050:	1431658662	21845	1431658678	21845
0x55555555b060:	1431658694	21845	-139472416	32767
0x55555555b070:	-139474128	32767	-140002768	32767
0x55555555b080:	-139149376	32767	-140234064	32767
0x55555555b090:	-139303840	32767	1431658806	21845
0x55555555b0a0:	1431658822	21845	-140011984	32767
0x55555555b0b0:	-139038192	32767	-140002080	32767
0x55555555b0c0:	-139449936	32767	-140114544	32767
0x55555555b0d0:	1431658918	21845	-139409376	32767
0x55555555b0e0:	1431658950	21845	-140261696	32767
0x55555555b0f0:	-139408256	32767	0	0
0x55555555b100:	0	0	1431679240	21845
0x55555555b110:	0	0	0	0
0x55555555b120 <mul.1>:	4	0	0	0
0x55555555b130:	0	0	0	0
0x55555555b140 <t77>:	10	77	0	0
0x55555555b150 <t77+16>:	0	0	0	0
0x55555555b160 <t77+32>:	0	0	0	0
0x55555555b170 <t77+48>:	0	0	0	0
0x55555555b180 <t77+64>:	0	0	0	0
0x55555555b190 <t77+80>:	0	0	0	0
0x55555555b1a0 <t77+96>:	0	0	0	0
0x55555555b1b0 <t77+112>:	0	0	0	0
0x55555555b1c0 <t77+128>:	0	0	0	0
0x55555555b1d0 <t77+144>:	0	0	0	0
0x55555555b1e0 <t77+160>:	0	0	0	0
0x55555555b1f0 <t77+176>:	0	0	0	0
0x55555555b200 <t77+192>:	0	0	0	0
0x55555555b210 <t77+208>:	0	0	0	0
0x55555555b220 <t126>:	20	126	0	0
0x55555555b230 <t126+16>:	0	0	0	0
0x55555555b240 <t126+32>:	0	0	0	0
0x55555555b250 <t126+48>:	0	0	0	0
0x55555555b260 <t126+64>:	0	0	0	0
0x55555555b270 <t126+80>:	0	0	0	0
0x55555555b280 <t126+96>:	0	0	0	0
0x55555555b290 <t126+112>:	0	0	0	0
0x55555555b2a0 <t126+128>:	0	0	0	0
0x55555555b2b0 <t126+144>:	0	0	0	0
0x55555555b2c0 <t126+160>:	0	0	0	0
0x55555555b2d0 <t126+176>:	0	0	0	0
0x55555555b2e0 <t126+192>:	0	0	0	0
0x55555555b2f0 <t126+208>:	0	0	0	0
0x55555555b300 <t184>:	30	184	0	0
0x55555555b310 <t184+16>:	0	0	0	0
0x55555555b320 <t184+32>:	0	0	0	0
0x55555555b330 <t184+48>:	0	0	0	0
0x55555555b340 <t184+64>:	0	0	0	0
0x55555555b350 <t184+80>:	0	0	0	0
0x55555555b360 <t184+96>:	0	0	0	0
0x55555555b370 <t184+112>:	0	0	0	0
0x55555555b380 <t184+128>:	0	0	0	0
0x55555555b390 <t184+144>:	0	0	0	0
0x55555555b3a0 <t184+160>:	0	0	0	0
0x55555555b3b0 <t184+176>:	0	0	0	0
0x55555555b3c0 <t184+192>:	0	0	0	0
0x55555555b3d0 <t184+208>:	0	0	0	0
0x55555555b3e0 <t101>:	15	101	0	0
0x55555555b3f0 <t101+16>:	0	0	0	0
0x55555555b400 <t101+32>:	0	0	0	0
0x55555555b410 <t101+48>:	0	0	0	0
0x55555555b420 <t101+64>:	0	0	0	0
0x55555555b430 <t101+80>:	0	0	0	0
0x55555555b440 <t101+96>:	0	0	0	0
0x55555555b450 <t101+112>:	0	0	0	0
0x55555555b460 <t101+128>:	0	0	0	0
0x55555555b470 <t101+144>:	0	0	0	0
0x55555555b480 <t101+160>:	0	0	0	0
0x55555555b490 <t101+176>:	0	0	0	0
0x55555555b4a0 <t101+192>:	0	0	0	0
0x55555555b4b0 <t101+208>:	0	0	0	0
0x55555555b4c0 <t68>:	9	68	0	0
0x55555555b4d0 <t68+16>:	0	0	0	0
0x55555555b4e0 <t68+32>:	0	0	0	0
0x55555555b4f0 <t68+48>:	0	0	0	0
0x55555555b500 <t68+64>:	0	0	0	0
0x55555555b510 <t68+80>:	0	0	0	0
0x55555555b520 <t68+96>:	0	0	0	0
0x55555555b530 <t68+112>:	0	0	0	0
0x55555555b540 <t68+128>:	0	0	0	0
0x55555555b550 <t68+144>:	0	0	0	0
0x55555555b560 <t68+160>:	0	0	0	0
0x55555555b570 <t68+176>:	0	0	0	0
0x55555555b580 <t68+192>:	0	0	0	0
0x55555555b590 <t68+208>:	0	0	0	0
0x55555555b5a0 <t169>:	27	169	0	0
0x55555555b5b0 <t169+16>:	0	0	0	0
0x55555555b5c0 <t169+32>:	0	0	0	0
0x55555555b5d0 <t169+48>:	0	0	0	0
0x55555555b5e0 <t169+64>:	0	0	0	0
0x55555555b5f0 <t169+80>:	0	0	0	0
0x55555555b600 <t169+96>:	0	0	0	0
0x55555555b610 <t169+112>:	0	0	0	0
0x55555555b620 <t169+128>:	0	0	0	0
0x55555555b630 <t169+144>:	0	0	0	0
0x55555555b640 <t169+160>:	0	0	0	0
0x55555555b650 <t169+176>:	0	0	0	0
0x55555555b660 <t169+192>:	0	0	0	0
0x55555555b670 <t169+208>:	0	0	0	0
0x55555555b680 <t15>:	2	15	0	0
0x55555555b690 <t15+16>:	0	0	0	0
0x55555555b6a0 <t15+32>:	0	0	0	0
0x55555555b6b0 <t15+48>:	0	0	0	0
0x55555555b6c0 <t15+64>:	0	0	0	0
0x55555555b6d0 <t15+80>:	0	0	0	0
0x55555555b6e0 <t15+96>:	0	0	0	0
0x55555555b6f0 <t15+112>:	0	0	0	0
0x55555555b700 <t15+128>:	0	0	0	0
0x55555555b710 <t15+144>:	0	0	0	0
0x55555555b720 <t15+160>:	0	0	0	0
0x55555555b730 <t15+176>:	0	0	0	0
0x55555555b740 <t15+192>:	0	0	0	0
0x55555555b750 <t15+208>:	0	0	0	0
0x55555555b760 <t106>:	16	106	0	0
0x55555555b770 <t106+16>:	0	0	0	0
0x55555555b780 <t106+32>:	0	0	0	0
0x55555555b790 <t106+48>:	0	0	0	0
0x55555555b7a0 <t106+64>:	0	0	0	0
0x55555555b7b0 <t106+80>:	0	0	0	0
0x55555555b7c0 <t106+96>:	0	0	0	0
0x55555555b7d0 <t106+112>:	0	0	0	0
0x55555555b7e0 <t106+128>:	0	0	0	0
0x55555555b7f0 <t106+144>:	0	0	0	0
0x55555555b800 <t106+160>:	0	0	0	0
0x55555555b810 <t106+176>:	0	0	0	0
0x55555555b820 <t106+192>:	0	0	0	0
0x55555555b830 <t106+208>:	0	0	0	0
0x55555555b840 <t88>:	12	88	0	0
0x55555555b850 <t88+16>:	0	0	0	0
0x55555555b860 <t88+32>:	0	0	0	0
0x55555555b870 <t88+48>:	0	0	0	0
0x55555555b880 <t88+64>:	0	0	0	0
0x55555555b890 <t88+80>:	0	0	0	0
0x55555555b8a0 <t88+96>:	0	0	0	0
0x55555555b8b0 <t88+112>:	0	0	0	0
0x55555555b8c0 <t88+128>:	0	0	0	0
0x55555555b8d0 <t88+144>:	0	0	0	0
0x55555555b8e0 <t88+160>:	0	0	0	0
0x55555555b8f0 <t88+176>:	0	0	0	0
0x55555555b900 <t88+192>:	0	0	0	0
0x55555555b910 <t88+208>:	0	0	0	0
0x55555555b920 <t25>:	3	25	0	0
0x55555555b930 <t25+16>:	0	0	0	0
0x55555555b940 <t25+32>:	0	0	0	0
0x55555555b950 <t25+48>:	0	0	0	0
0x55555555b960 <t25+64>:	0	0	0	0
0x55555555b970 <t25+80>:	0	0	0	0
0x55555555b980 <t25+96>:	0	0	0	0
0x55555555b990 <t25+112>:	0	0	0	0
0x55555555b9a0 <t25+128>:	0	0	0	0
0x55555555b9b0 <t25+144>:	0	0	0	0
0x55555555b9c0 <t25+160>:	0	0	0	0
0x55555555b9d0 <t25+176>:	0	0	0	0
0x55555555b9e0 <t25+192>:	0	0	0	0
0x55555555b9f0 <t25+208>:	0	0	0	0
0x55555555ba00 <t179>:	29	179	0	0
0x55555555ba10 <t179+16>:	0	0	0	0
0x55555555ba20 <t179+32>:	0	0	0	0
0x55555555ba30 <t179+48>:	0	0	0	0
0x55555555ba40 <t179+64>:	0	0	0	0
0x55555555ba50 <t179+80>:	0	0	0	0
0x55555555ba60 <t179+96>:	0	0	0	0
0x55555555ba70 <t179+112>:	0	0	0	0
0x55555555ba80 <t179+128>:	0	0	0	0
0x55555555ba90 <t179+144>:	0	0	0	0
0x55555555baa0 <t179+160>:	0	0	0	0
0x55555555bab0 <t179+176>:	0	0	0	0
0x55555555bac0 <t179+192>:	0	0	0	0
0x55555555bad0 <t179+208>:	0	0	0	0
0x55555555bae0 <t153>:	25	153	0	0
0x55555555baf0 <t153+16>:	0	0	0	0
0x55555555bb00 <t153+32>:	0	0	0	0
0x55555555bb10 <t153+48>:	0	0	0	0
0x55555555bb20 <t153+64>:	0	0	0	0
0x55555555bb30 <t153+80>:	0	0	0	0
0x55555555bb40 <t153+96>:	0	0	0	0
0x55555555bb50 <t153+112>:	0	0	0	0
0x55555555bb60 <t153+128>:	0	0	0	0
0x55555555bb70 <t153+144>:	0	0	0	0
0x55555555bb80 <t153+160>:	0	0	0	0
0x55555555bb90 <t153+176>:	0	0	0	0
0x55555555bba0 <t153+192>:	0	0	0	0
0x55555555bbb0 <t153+208>:	0	0	0	0
0x55555555bbc0 <t123>:	19	123	0	0
0x55555555bbd0 <t123+16>:	0	0	0	0
0x55555555bbe0 <t123+32>:	0	0	0	0
0x55555555bbf0 <t123+48>:	0	0	0	0
0x55555555bc00 <t123+64>:	0	0	0	0
0x55555555bc10 <t123+80>:	0	0	0	0
0x55555555bc20 <t123+96>:	0	0	0	0
0x55555555bc30 <t123+112>:	0	0	0	0
0x55555555bc40 <t123+128>:	0	0	0	0
0x55555555bc50 <t123+144>:	0	0	0	0
0x55555555bc60 <t123+160>:	0	0	0	0
0x55555555bc70 <t123+176>:	0	0	0	0
0x55555555bc80 <t123+192>:	0	0	0	0
0x55555555bc90 <t123+208>:	0	0	0	0
0x55555555bca0 <t83>:	11	83	0	0
0x55555555bcb0 <t83+16>:	0	0	0	0
0x55555555bcc0 <t83+32>:	0	0	0	0
0x55555555bcd0 <t83+48>:	0	0	0	0
0x55555555bce0 <t83+64>:	0	0	0	0
0x55555555bcf0 <t83+80>:	0	0	0	0
0x55555555bd00 <t83+96>:	0	0	0	0
0x55555555bd10 <t83+112>:	0	0	0	0
0x55555555bd20 <t83+128>:	0	0	0	0
0x55555555bd30 <t83+144>:	0	0	0	0
0x55555555bd40 <t83+160>:	0	0	0	0
0x55555555bd50 <t83+176>:	0	0	0	0
0x55555555bd60 <t83+192>:	0	0	0	0
0x55555555bd70 <t83+208>:	0	0	0	0
0x55555555bd80 <t94>:	14	94	0	0
0x55555555bd90 <t94+16>:	0	0	0	0
0x55555555bda0 <t94+32>:	0	0	0	0
0x55555555bdb0 <t94+48>:	0	0	0	0
0x55555555bdc0 <t94+64>:	0	0	0	0
0x55555555bdd0 <t94+80>:	0	0	0	0
0x55555555bde0 <t94+96>:	0	0	0	0
0x55555555bdf0 <t94+112>:	0	0	0	0
0x55555555be00 <t94+128>:	0	0	0	0
0x55555555be10 <t94+144>:	0	0	0	0
0x55555555be20 <t94+160>:	0	0	0	0
0x55555555be30 <t94+176>:	0	0	0	0
0x55555555be40 <t94+192>:	0	0	0	0
0x55555555be50 <t94+208>:	0	0	0	0
0x55555555be60 <t138>:	22	138	0	0
0x55555555be70 <t138+16>:	0	0	0	0
0x55555555be80 <t138+32>:	0	0	0	0
0x55555555be90 <t138+48>:	0	0	0	0
0x55555555bea0 <t138+64>:	0	0	0	0
0x55555555beb0 <t138+80>:	0	0	0	0
0x55555555bec0 <t138+96>:	0	0	0	0
0x55555555bed0 <t138+112>:	0	0	0	0
0x55555555bee0 <t138+128>:	0	0	0	0
0x55555555bef0 <t138+144>:	0	0	0	0
0x55555555bf00 <t138+160>:	0	0	0	0
0x55555555bf10 <t138+176>:	0	0	0	0
0x55555555bf20 <t138+192>:	0	0	0	0
0x55555555bf30 <t138+208>:	0	0	0	0
0x55555555bf40 <t8>:	1	8	0	0
0x55555555bf50 <t8+16>:	0	0	0	0
0x55555555bf60 <t8+32>:	0	0	0	0
0x55555555bf70 <t8+48>:	0	0	0	0
0x55555555bf80 <t8+64>:	0	0	0	0
0x55555555bf90 <t8+80>:	0	0	0	0
0x55555555bfa0 <t8+96>:	0	0	0	0
0x55555555bfb0 <t8+112>:	0	0	0	0
0x55555555bfc0 <t8+128>:	0	0	0	0
0x55555555bfd0 <t8+144>:	0	0	0	0
0x55555555bfe0 <t8+160>:	0	0	0	0
0x55555555bff0 <t8+176>:	0	0	0	0
0x55555555c000 <t8+192>:	0	0	0	0
0x55555555c010 <t8+208>:	0	0	0	0
0x55555555c020 <t132>:	21	132	0	0
0x55555555c030 <t132+16>:	0	0	0	0
0x55555555c040 <t132+32>:	0	0	0	0
0x55555555c050 <t132+48>:	0	0	0	0
0x55555555c060 <t132+64>:	0	0	0	0
0x55555555c070 <t132+80>:	0	0	0	0
0x55555555c080 <t132+96>:	0	0	0	0
0x55555555c090 <t132+112>:	0	0	0	0
0x55555555c0a0 <t132+128>:	0	0	0	0
0x55555555c0b0 <t132+144>:	0	0	0	0
0x55555555c0c0 <t132+160>:	0	0	0	0
0x55555555c0d0 <t132+176>:	0	0	0	0
0x55555555c0e0 <t132+192>:	0	0	0	0
0x55555555c0f0 <t132+208>:	0	0	0	0
0x55555555c100 <t144>:	23	144	0	0
0x55555555c110 <t144+16>:	0	0	0	0
0x55555555c120 <t144+32>:	0	0	0	0
0x55555555c130 <t144+48>:	0	0	0	0
0x55555555c140 <t144+64>:	0	0	0	0
0x55555555c150 <t144+80>:	0	0	0	0
0x55555555c160 <t144+96>:	0	0	0	0
0x55555555c170 <t144+112>:	0	0	0	0
0x55555555c180 <t144+128>:	0	0	0	0
0x55555555c190 <t144+144>:	0	0	0	0
0x55555555c1a0 <t144+160>:	0	0	0	0
0x55555555c1b0 <t144+176>:	0	0	0	0
0x55555555c1c0 <t144+192>:	0	0	0	0
0x55555555c1d0 <t144+208>:	0	0	0	0
0x55555555c1e0 <t175>:	28	175	0	0
0x55555555c1f0 <t175+16>:	0	0	0	0
0x55555555c200 <t175+32>:	0	0	0	0
0x55555555c210 <t175+48>:	0	0	0	0
0x55555555c220 <t175+64>:	0	0	0	0
0x55555555c230 <t175+80>:	0	0	0	0
0x55555555c240 <t175+96>:	0	0	0	0
0x55555555c250 <t175+112>:	0	0	0	0
0x55555555c260 <t175+128>:	0	0	0	0
0x55555555c270 <t175+144>:	0	0	0	0
0x55555555c280 <t175+160>:	0	0	0	0
0x55555555c290 <t175+176>:	0	0	0	0
0x55555555c2a0 <t175+192>:	0	0	0	0
0x55555555c2b0 <t175+208>:	0	0	0	0
0x55555555c2c0 <t61>:	8	61	0	0
0x55555555c2d0 <t61+16>:	0	0	0	0
0x55555555c2e0 <t61+32>:	0	0	0	0
0x55555555c2f0 <t61+48>:	0	0	0	0
0x55555555c300 <t61+64>:	0	0	0	0
0x55555555c310 <t61+80>:	0	0	0	0
0x55555555c320 <t61+96>:	0	0	0	0
0x55555555c330 <t61+112>:	0	0	0	0
0x55555555c340 <t61+128>:	0	0	0	0
0x55555555c350 <t61+144>:	0	0	0	0
0x55555555c360 <t61+160>:	0	0	0	0
0x55555555c370 <t61+176>:	0	0	0	0
0x55555555c380 <t61+192>:	0	0	0	0
0x55555555c390 <t61+208>:	0	0	0	0
0x55555555c3a0 <t43>:	5	43	0	0
0x55555555c3b0 <t43+16>:	0	0	0	0
0x55555555c3c0 <t43+32>:	0	0	0	0
0x55555555c3d0 <t43+48>:	0	0	0	0
0x55555555c3e0 <t43+64>:	0	0	0	0
0x55555555c3f0 <t43+80>:	0	0	0	0
0x55555555c400 <t43+96>:	0	0	0	0
0x55555555c410 <t43+112>:	0	0	0	0
0x55555555c420 <t43+128>:	0	0	0	0
0x55555555c430 <t43+144>:	0	0	0	0
0x55555555c440 <t43+160>:	0	0	0	0
0x55555555c450 <t43+176>:	0	0	0	0
0x55555555c460 <t43+192>:	0	0	0	0
0x55555555c470 <t43+208>:	0	0	0	0
0x55555555c480 <t112>:	17	112	0	0
0x55555555c490 <t112+16>:	0	0	0	0
0x55555555aba0:	0	0	0	0
0x55555555abb0:	0	0	0	0
0x55555555abc0:	0	0	0	0
0x55555555abd0:	0	0	0	0
0x55555555abe0:	0	0	0	0
0x55555555abf0:	0	0	0	0
0x55555555ac00:	0	0	0	0
0x55555555ac10:	0	0	0	0
0x55555555ac20:	0	0	0	0
0x55555555ac30:	0	0	0	0
0x55555555ac40:	0	0	0	0
0x55555555ac50:	0	0	0	0
0x55555555ac60:	0	0	0	0
0x55555555ac70:	0	0	0	0
0x55555555ac80:	0	0	0	0
0x55555555ac90:	0	0	0	0
0x55555555aca0:	0	0	0	0
0x55555555acb0:	0	0	0	0
0x55555555acc0:	0	0	0	0
0x55555555acd0:	0	0	0	0
0x55555555ace0:	0	0	0	0
0x55555555acf0:	0	0	0	0
0x55555555ad00:	0	0	0	0
0x55555555ad10:	0	0	0	0
0x55555555ad20:	0	0	0	0
0x55555555ad30:	0	0	0	0
0x55555555ad40:	0	0	0	0
0x55555555ad50:	0	0	0	0
0x55555555ad60:	0	0	0	0
0x55555555ad70:	0	0	0	0
0x55555555ad80:	0	0	0	0
0x55555555ad90:	0	0	0	0
0x55555555ada0:	0	0	0	0
0x55555555adb0:	0	0	0	0
0x55555555adc0:	0	0	0	0
0x55555555add0:	0	0	0	0
0x55555555ade0:	0	0	1431659232	21845
0x55555555adf0:	1431659152	21845	1	0
0x55555555ae00:	287	0	12	0
0x55555555ae10:	8192	0	13	0
0x55555555ae20:	15192	0	25	0
0x55555555ae30:	28136	0	27	0
0x55555555ae40:	8	0	26	0
0x55555555ae50:	28144	0	28	0
0x55555555ae60:	8	0	1879047925	0
0x55555555ae70:	1431651264	21845	5	0
0x55555555ae80:	1431652200	21845	6	0
0x55555555ae90:	1431651312	21845	10	0
0x55555555aea0:	408	0	11	0
0x55555555aeb0:	24	0	21	0
0x55555555aec0:	-134225632	32767	3	0
0x55555555aed0:	1431678976	21845	2	0
0x55555555aee0:	672	0	20	0
0x55555555aef0:	7	0	23	0
0x55555555af00:	1431657616	21845	7	0
0x55555555af10:	1431652768	21845	8	0
0x55555555af20:	4848	0	9	0
0x55555555af30:	24	0	1879048187	0
0x55555555af40:	134217728	0	1879048190	0
0x55555555af50:	2384	0	1879048191	0
0x55555555af60:	1	0	1879048176	0
0x55555555af70:	1431652608	21845	1879048185	0
0x55555555af80:	194	0	0	0
0x55555555af90:	0	0	0	0
0x55555555afa0:	0	0	0	0
0x55555555afb0:	0	0	0	0
0x55555555afc0:	0	0	0	0
0x55555555afd0:	0	0	0	0
0x55555555afe0:	-140315552	32767	0	0
0x55555555aff0:	0	0	-140218432	32767
0x55555555b000:	28152	0	-134225584	32767
0x55555555b010:	-136373712	32767	1431658550	21845
0x55555555b020:	-139115680	32767	1431658582	21845
0x55555555b030:	-139823152	32767	-139995328	32767
0x55555555b040:	-139474032	32767	-138950480	32767
0x55555555b050:	1431658662	21845	1431658678	21845
0x55555555b060:	1431658694	21845	-139472416	32767
0x55555555b070:	-139474128	32767	-140002768	32767
0x55555555b080:	-139149376	32767	-140234064	32767
0x55555555b090:	-139303840	32767	1431658806	21845
0x55555555b0a0:	1431658822	21845	-140011984	32767
0x55555555b0b0:	-139038192	32767	-140002080	32767
0x55555555b0c0:	-139449936	32767	-140114544	32767
0x55555555b0d0:	1431658918	21845	-139409376	32767
0x55555555b0e0:	1431658950	21845	-140261696	32767
0x55555555b0f0:	-139408256	32767	0	0
0x55555555b100:	0	0	1431679240	21845
0x55555555b110:	0	0	0	0
0x55555555b120 <mul.1>:	4	0	0	0
0x55555555b130:	0	0	0	0
0x55555555b140 <t77>:	10	77	0	0
0x55555555b150 <t77+16>:	0	0	0	0
0x55555555b160 <t77+32>:	0	0	0	0
0x55555555b170 <t77+48>:	0	0	0	0
0x55555555b180 <t77+64>:	0	0	0	0
0x55555555b190 <t77+80>:	0	0	0	0
0x55555555b1a0 <t77+96>:	0	0	0	0
0x55555555b1b0 <t77+112>:	0	0	0	0
0x55555555b1c0 <t77+128>:	0	0	0	0
0x55555555b1d0 <t77+144>:	0	0	0	0
0x55555555b1e0 <t77+160>:	0	0	0	0
0x55555555b1f0 <t77+176>:	0	0	0	0
0x55555555b200 <t77+192>:	0	0	0	0
0x55555555b210 <t77+208>:	0	0	0	0
0x55555555b220 <t126>:	20	126	0	0
0x55555555b230 <t126+16>:	0	0	0	0
0x55555555b240 <t126+32>:	0	0	0	0
0x55555555b250 <t126+48>:	0	0	0	0
0x55555555b260 <t126+64>:	0	0	0	0
0x55555555b270 <t126+80>:	0	0	0	0
0x55555555b280 <t126+96>:	0	0	0	0
0x55555555b290 <t126+112>:	0	0	0	0
0x55555555b2a0 <t126+128>:	0	0	0	0
0x55555555b2b0 <t126+144>:	0	0	0	0
0x55555555b2c0 <t126+160>:	0	0	0	0
0x55555555b2d0 <t126+176>:	0	0	0	0
0x55555555b2e0 <t126+192>:	0	0	0	0
0x55555555b2f0 <t126+208>:	0	0	0	0
0x55555555b300 <t184>:	30	184	0	0
0x55555555b310 <t184+16>:	0	0	0	0
0x55555555b320 <t184+32>:	0	0	0	0
0x55555555b330 <t184+48>:	0	0	0	0
0x55555555b340 <t184+64>:	0	0	0	0
0x55555555b350 <t184+80>:	0	0	0	0
0x55555555b360 <t184+96>:	0	0	0	0
0x55555555b370 <t184+112>:	0	0	0	0
0x55555555b380 <t184+128>:	0	0	0	0
0x55555555b390 <t184+144>:	0	0	0	0
0x55555555b3a0 <t184+160>:	0	0	0	0
0x55555555b3b0 <t184+176>:	0	0	0	0
0x55555555b3c0 <t184+192>:	0	0	0	0
0x55555555b3d0 <t184+208>:	0	0	0	0
0x55555555b3e0 <t101>:	15	101	0	0
0x55555555b3f0 <t101+16>:	0	0	0	0
0x55555555b400 <t101+32>:	0	0	0	0
0x55555555b410 <t101+48>:	0	0	0	0
0x55555555b420 <t101+64>:	0	0	0	0
0x55555555b430 <t101+80>:	0	0	0	0
0x55555555b440 <t101+96>:	0	0	0	0
0x55555555b450 <t101+112>:	0	0	0	0
0x55555555b460 <t101+128>:	0	0	0	0
0x55555555b470 <t101+144>:	0	0	0	0
0x55555555b480 <t101+160>:	0	0	0	0
0x55555555b490 <t101+176>:	0	0	0	0
0x55555555b4a0 <t101+192>:	0	0	0	0
0x55555555b4b0 <t101+208>:	0	0	0	0
0x55555555b4c0 <t68>:	9	68	0	0
0x55555555b4d0 <t68+16>:	0	0	0	0
0x55555555b4e0 <t68+32>:	0	0	0	0
0x55555555b4f0 <t68+48>:	0	0	0	0
0x55555555b500 <t68+64>:	0	0	0	0
0x55555555b510 <t68+80>:	0	0	0	0
0x55555555b520 <t68+96>:	0	0	0	0
0x55555555b530 <t68+112>:	0	0	0	0
0x55555555b540 <t68+128>:	0	0	0	0
0x55555555b550 <t68+144>:	0	0	0	0
0x55555555b560 <t68+160>:	0	0	0	0
0x55555555b570 <t68+176>:	0	0	0	0
0x55555555b580 <t68+192>:	0	0	0	0
0x55555555b590 <t68+208>:	0	0	0	0
0x55555555b5a0 <t169>:	27	169	0	0
0x55555555b5b0 <t169+16>:	0	0	0	0
0x55555555b5c0 <t169+32>:	0	0	0	0
0x55555555b5d0 <t169+48>:	0	0	0	0
0x55555555b5e0 <t169+64>:	0	0	0	0
0x55555555b5f0 <t169+80>:	0	0	0	0
0x55555555b600 <t169+96>:	0	0	0	0
0x55555555b610 <t169+112>:	0	0	0	0
0x55555555b620 <t169+128>:	0	0	0	0
0x55555555b630 <t169+144>:	0	0	0	0
0x55555555b640 <t169+160>:	0	0	0	0
0x55555555b650 <t169+176>:	0	0	0	0
0x55555555b660 <t169+192>:	0	0	0	0
0x55555555b670 <t169+208>:	0	0	0	0
0x55555555b680 <t15>:	2	15	0	0
0x55555555b690 <t15+16>:	0	0	0	0
0x55555555b6a0 <t15+32>:	0	0	0	0
0x55555555b6b0 <t15+48>:	0	0	0	0
0x55555555b6c0 <t15+64>:	0	0	0	0
0x55555555b6d0 <t15+80>:	0	0	0	0
0x55555555b6e0 <t15+96>:	0	0	0	0
0x55555555b6f0 <t15+112>:	0	0	0	0
0x55555555b700 <t15+128>:	0	0	0	0
0x55555555b710 <t15+144>:	0	0	0	0
0x55555555b720 <t15+160>:	0	0	0	0
0x55555555b730 <t15+176>:	0	0	0	0
0x55555555b740 <t15+192>:	0	0	0	0
0x55555555b750 <t15+208>:	0	0	0	0
0x55555555b760 <t106>:	16	106	0	0
0x55555555b770 <t106+16>:	0	0	0	0
0x55555555b780 <t106+32>:	0	0	0	0
0x55555555b790 <t106+48>:	0	0	0	0
0x55555555b7a0 <t106+64>:	0	0	0	0
0x55555555b7b0 <t106+80>:	0	0	0	0
0x55555555b7c0 <t106+96>:	0	0	0	0
0x55555555b7d0 <t106+112>:	0	0	0	0
0x55555555b7e0 <t106+128>:	0	0	0	0
0x55555555b7f0 <t106+144>:	0	0	0	0
0x55555555b800 <t106+160>:	0	0	0	0
0x55555555b810 <t106+176>:	0	0	0	0
0x55555555b820 <t106+192>:	0	0	0	0
0x55555555b830 <t106+208>:	0	0	0	0
0x55555555b840 <t88>:	12	88	0	0
0x55555555b850 <t88+16>:	0	0	0	0
0x55555555b860 <t88+32>:	0	0	0	0
0x55555555b870 <t88+48>:	0	0	0	0
0x55555555b880 <t88+64>:	0	0	0	0
0x55555555b890 <t88+80>:	0	0	0	0
0x55555555b8a0 <t88+96>:	0	0	0	0
0x55555555b8b0 <t88+112>:	0	0	0	0
0x55555555b8c0 <t88+128>:	0	0	0	0
0x55555555b8d0 <t88+144>:	0	0	0	0
0x55555555b8e0 <t88+160>:	0	0	0	0
0x55555555b8f0 <t88+176>:	0	0	0	0
0x55555555b900 <t88+192>:	0	0	0	0
0x55555555b910 <t88+208>:	0	0	0	0
0x55555555b920 <t25>:	3	25	0	0
0x55555555b930 <t25+16>:	0	0	0	0
0x55555555b940 <t25+32>:	0	0	0	0
0x55555555b950 <t25+48>:	0	0	0	0
0x55555555b960 <t25+64>:	0	0	0	0
0x55555555b970 <t25+80>:	0	0	0	0
0x55555555b980 <t25+96>:	0	0	0	0
0x55555555b990 <t25+112>:	0	0	0	0
0x55555555b9a0 <t25+128>:	0	0	0	0
0x55555555b9b0 <t25+144>:	0	0	0	0
0x55555555b9c0 <t25+160>:	0	0	0	0
0x55555555b9d0 <t25+176>:	0	0	0	0
0x55555555b9e0 <t25+192>:	0	0	0	0
0x55555555b9f0 <t25+208>:	0	0	0	0
0x55555555ba00 <t179>:	29	179	0	0
0x55555555ba10 <t179+16>:	0	0	0	0
0x55555555ba20 <t179+32>:	0	0	0	0
0x55555555ba30 <t179+48>:	0	0	0	0
0x55555555ba40 <t179+64>:	0	0	0	0
0x55555555ba50 <t179+80>:	0	0	0	0
0x55555555ba60 <t179+96>:	0	0	0	0
0x55555555ba70 <t179+112>:	0	0	0	0
0x55555555ba80 <t179+128>:	0	0	0	0
0x55555555ba90 <t179+144>:	0	0	0	0
0x55555555baa0 <t179+160>:	0	0	0	0
0x55555555bab0 <t179+176>:	0	0	0	0
0x55555555bac0 <t179+192>:	0	0	0	0
0x55555555bad0 <t179+208>:	0	0	0	0
0x55555555bae0 <t153>:	25	153	0	0
0x55555555baf0 <t153+16>:	0	0	0	0
0x55555555bb00 <t153+32>:	0	0	0	0
0x55555555bb10 <t153+48>:	0	0	0	0
0x55555555bb20 <t153+64>:	0	0	0	0
0x55555555bb30 <t153+80>:	0	0	0	0
0x55555555bb40 <t153+96>:	0	0	0	0
0x55555555bb50 <t153+112>:	0	0	0	0
0x55555555bb60 <t153+128>:	0	0	0	0
0x55555555bb70 <t153+144>:	0	0	0	0
0x55555555bb80 <t153+160>:	0	0	0	0
0x55555555bb90 <t153+176>:	0	0	0	0
0x55555555bba0 <t153+192>:	0	0	0	0
0x55555555bbb0 <t153+208>:	0	0	0	0
0x55555555bbc0 <t123>:	19	123	0	0
0x55555555bbd0 <t123+16>:	0	0	0	0
0x55555555bbe0 <t123+32>:	0	0	0	0
0x55555555bbf0 <t123+48>:	0	0	0	0
0x55555555bc00 <t123+64>:	0	0	0	0
0x55555555bc10 <t123+80>:	0	0	0	0
0x55555555bc20 <t123+96>:	0	0	0	0
0x55555555bc30 <t123+112>:	0	0	0	0
0x55555555bc40 <t123+128>:	0	0	0	0
0x55555555bc50 <t123+144>:	0	0	0	0
0x55555555bc60 <t123+160>:	0	0	0	0
0x55555555bc70 <t123+176>:	0	0	0	0
0x55555555bc80 <t123+192>:	0	0	0	0
0x55555555bc90 <t123+208>:	0	0	0	0
0x55555555bca0 <t83>:	11	83	0	0
0x55555555bcb0 <t83+16>:	0	0	0	0
0x55555555bcc0 <t83+32>:	0	0	0	0
0x55555555bcd0 <t83+48>:	0	0	0	0
0x55555555bce0 <t83+64>:	0	0	0	0
0x55555555bcf0 <t83+80>:	0	0	0	0
0x55555555bd00 <t83+96>:	0	0	0	0
0x55555555bd10 <t83+112>:	0	0	0	0
0x55555555bd20 <t83+128>:	0	0	0	0
0x55555555bd30 <t83+144>:	0	0	0	0
0x55555555bd40 <t83+160>:	0	0	0	0
0x55555555bd50 <t83+176>:	0	0	0	0
0x55555555bd60 <t83+192>:	0	0	0	0
0x55555555bd70 <t83+208>:	0	0	0	0
0x55555555bd80 <t94>:	14	94	0	0
0x55555555bd90 <t94+16>:	0	0	0	0
0x55555555bda0 <t94+32>:	0	0	0	0
0x55555555bdb0 <t94+48>:	0	0	0	0
0x55555555bdc0 <t94+64>:	0	0	0	0
0x55555555bdd0 <t94+80>:	0	0	0	0
0x55555555bde0 <t94+96>:	0	0	0	0
0x55555555bdf0 <t94+112>:	0	0	0	0
0x55555555be00 <t94+128>:	0	0	0	0
0x55555555be10 <t94+144>:	0	0	0	0
0x55555555be20 <t94+160>:	0	0	0	0
0x55555555be30 <t94+176>:	0	0	0	0
0x55555555be40 <t94+192>:	0	0	0	0
0x55555555be50 <t94+208>:	0	0	0	0
0x55555555be60 <t138>:	22	138	0	0
0x55555555be70 <t138+16>:	0	0	0	0
0x55555555be80 <t138+32>:	0	0	0	0
0x55555555be90 <t138+48>:	0	0	0	0
0x55555555bea0 <t138+64>:	0	0	0	0
0x55555555beb0 <t138+80>:	0	0	0	0
0x55555555bec0 <t138+96>:	0	0	0	0
0x55555555bed0 <t138+112>:	0	0	0	0
0x55555555bee0 <t138+128>:	0	0	0	0
0x55555555bef0 <t138+144>:	0	0	0	0
0x55555555bf00 <t138+160>:	0	0	0	0
0x55555555bf10 <t138+176>:	0	0	0	0
0x55555555bf20 <t138+192>:	0	0	0	0
0x55555555bf30 <t138+208>:	0	0	0	0
0x55555555bf40 <t8>:	1	8	0	0
0x55555555bf50 <t8+16>:	0	0	0	0
0x55555555bf60 <t8+32>:	0	0	0	0
0x55555555bf70 <t8+48>:	0	0	0	0
0x55555555bf80 <t8+64>:	0	0	0	0
0x55555555bf90 <t8+80>:	0	0	0	0
0x55555555bfa0 <t8+96>:	0	0	0	0
0x55555555bfb0 <t8+112>:	0	0	0	0
0x55555555bfc0 <t8+128>:	0	0	0	0
0x55555555bfd0 <t8+144>:	0	0	0	0
0x55555555bfe0 <t8+160>:	0	0	0	0
0x55555555bff0 <t8+176>:	0	0	0	0
0x55555555c000 <t8+192>:	0	0	0	0
0x55555555c010 <t8+208>:	0	0	0	0
0x55555555c020 <t132>:	21	132	0	0
0x55555555c030 <t132+16>:	0	0	0	0
0x55555555c040 <t132+32>:	0	0	0	0
0x55555555c050 <t132+48>:	0	0	0	0
0x55555555c060 <t132+64>:	0	0	0	0
0x55555555c070 <t132+80>:	0	0	0	0
0x55555555c080 <t132+96>:	0	0	0	0
0x55555555c090 <t132+112>:	0	0	0	0
0x55555555c0a0 <t132+128>:	0	0	0	0
0x55555555c0b0 <t132+144>:	0	0	0	0
0x55555555c0c0 <t132+160>:	0	0	0	0
0x55555555c0d0 <t132+176>:	0	0	0	0
0x55555555c0e0 <t132+192>:	0	0	0	0
0x55555555c0f0 <t132+208>:	0	0	0	0
0x55555555c100 <t144>:	23	144	0	0
0x55555555c110 <t144+16>:	0	0	0	0
0x55555555c120 <t144+32>:	0	0	0	0
0x55555555c130 <t144+48>:	0	0	0	0
0x55555555c140 <t144+64>:	0	0	0	0
0x55555555c150 <t144+80>:	0	0	0	0
0x55555555c160 <t144+96>:	0	0	0	0
0x55555555c170 <t144+112>:	0	0	0	0
0x55555555c180 <t144+128>:	0	0	0	0
0x55555555c190 <t144+144>:	0	0	0	0
0x55555555c1a0 <t144+160>:	0	0	0	0
0x55555555c1b0 <t144+176>:	0	0	0	0
0x55555555c1c0 <t144+192>:	0	0	0	0
0x55555555c1d0 <t144+208>:	0	0	0	0
0x55555555c1e0 <t175>:	28	175	0	0
0x55555555c1f0 <t175+16>:	0	0	0	0
0x55555555c200 <t175+32>:	0	0	0	0
0x55555555c210 <t175+48>:	0	0	0	0
0x55555555c220 <t175+64>:	0	0	0	0
0x55555555c230 <t175+80>:	0	0	0	0
0x55555555c240 <t175+96>:	0	0	0	0
0x55555555c250 <t175+112>:	0	0	0	0
0x55555555c260 <t175+128>:	0	0	0	0
0x55555555c270 <t175+144>:	0	0	0	0
0x55555555c280 <t175+160>:	0	0	0	0
0x55555555c290 <t175+176>:	0	0	0	0
0x55555555c2a0 <t175+192>:	0	0	0	0
0x55555555c2b0 <t175+208>:	0	0	0	0
0x55555555c2c0 <t61>:	8	61	0	0
0x55555555c2d0 <t61+16>:	0	0	0	0
0x55555555c2e0 <t61+32>:	0	0	0	0
0x55555555c2f0 <t61+48>:	0	0	0	0
0x55555555c300 <t61+64>:	0	0	0	0
0x55555555c310 <t61+80>:	0	0	0	0
0x55555555c320 <t61+96>:	0	0	0	0
0x55555555c330 <t61+112>:	0	0	0	0
0x55555555c340 <t61+128>:	0	0	0	0
0x55555555c350 <t61+144>:	0	0	0	0
0x55555555c360 <t61+160>:	0	0	0	0
0x55555555c370 <t61+176>:	0	0	0	0
0x55555555c380 <t61+192>:	0	0	0	0
0x55555555c390 <t61+208>:	0	0	0	0
0x55555555c3a0 <t43>:	5	43	0	0
0x55555555c3b0 <t43+16>:	0	0	0	0
0x55555555c3c0 <t43+32>:	0	0	0	0
0x55555555c3d0 <t43+48>:	0	0	0	0
0x55555555c3e0 <t43+64>:	0	0	0	0
0x55555555c3f0 <t43+80>:	0	0	0	0
0x55555555c400 <t43+96>:	0	0	0	0
0x55555555c410 <t43+112>:	0	0	0	0
0x55555555c420 <t43+128>:	0	0	0	0
0x55555555c430 <t43+144>:	0	0	0	0
0x55555555c440 <t43+160>:	0	0	0	0
0x55555555c450 <t43+176>:	0	0	0	0
0x55555555c460 <t43+192>:	0	0	0	0
0x55555555c470 <t43+208>:	0	0	0	0
0x55555555c480 <t112>:	17	112	0	0
0x55555555c490 <t112+16>:	0	0	0	0
